learning dataset is:
tensor([[ 1.5600e+02,  1.5500e+02,  0.0000e+00,  0.0000e+00,  0.0000e+00,
          0.0000e+00,  0.0000e+00,  1.5000e+02, -1.0000e+00, -1.0000e+00,
         -1.0000e+00, -1.0000e+00, -1.0000e+00,  2.0000e+00,  9.4372e+06],
        [ 1.6700e+02,  1.6600e+02,  0.0000e+00,  0.0000e+00,  0.0000e+00,
          0.0000e+00,  0.0000e+00,  1.0600e+02, -1.0000e+00, -1.0000e+00,
         -1.0000e+00, -1.0000e+00, -1.0000e+00,  1.1600e+02,  9.4372e+06],
        [ 1.7800e+02,  1.7700e+02,  0.0000e+00,  0.0000e+00,  0.0000e+00,
          0.0000e+00,  0.0000e+00,  1.8200e+02, -1.0000e+00, -1.0000e+00,
         -1.0000e+00, -1.0000e+00, -1.0000e+00,  6.8000e+01,  9.4372e+06],
        [ 1.5200e+02,  1.5100e+02,  0.0000e+00,  0.0000e+00,  0.0000e+00,
          0.0000e+00,  0.0000e+00,  1.1400e+02, -1.0000e+00, -1.0000e+00,
         -1.0000e+00, -1.0000e+00, -1.0000e+00,  4.9000e+01,  8.3968e+06],
        [ 1.5900e+02,  1.5800e+02,  0.0000e+00,  0.0000e+00,  0.0000e+00,
          0.0000e+00,  0.0000e+00,  1.5000e+01, -1.0000e+00, -1.0000e+00,
         -1.0000e+00, -1.0000e+00, -1.0000e+00,  5.0000e+00,  4.2025e+06],
        [ 1.7000e+02,  1.6900e+02,  0.0000e+00,  0.0000e+00,  0.0000e+00,
          0.0000e+00,  0.0000e+00,  1.2700e+02, -1.0000e+00, -1.0000e+00,
         -1.0000e+00, -1.0000e+00, -1.0000e+00,  1.2900e+02,  4.2025e+06],
        [ 1.8100e+02,  1.8000e+02,  0.0000e+00,  0.0000e+00,  0.0000e+00,
          0.0000e+00,  0.0000e+00,  1.0000e+01, -1.0000e+00, -1.0000e+00,
         -1.0000e+00, -1.0000e+00, -1.0000e+00,  1.7900e+02,  4.2025e+06],
        [ 1.6300e+02,  1.6200e+02,  0.0000e+00,  0.0000e+00,  0.0000e+00,
          0.0000e+00,  0.0000e+00,  1.5100e+02, -1.0000e+00, -1.0000e+00,
         -1.0000e+00, -1.0000e+00, -1.0000e+00,  1.4500e+02,  4.1943e+06],
        [ 1.0000e+00,  0.0000e+00,  0.0000e+00,  0.0000e+00,  0.0000e+00,
          0.0000e+00,  0.0000e+00, -1.0000e+00, -1.0000e+00, -1.0000e+00,
         -1.0000e+00, -1.0000e+00, -1.0000e+00,  0.0000e+00,  0.0000e+00],
        [ 8.0000e+00,  7.0000e+00,  0.0000e+00,  0.0000e+00,  0.0000e+00,
          0.0000e+00,  0.0000e+00,  2.2000e+01, -1.0000e+00, -1.0000e+00,
         -1.0000e+00, -1.0000e+00, -1.0000e+00,  6.0000e+00,  0.0000e+00],
        [ 1.7400e+02,  1.7300e+02,  0.0000e+00,  0.0000e+00,  0.0000e+00,
          0.0000e+00,  0.0000e+00,  1.7000e+02, -1.0000e+00, -1.0000e+00,
         -1.0000e+00, -1.0000e+00, -1.0000e+00,  1.5200e+02,  4.1943e+06],
        [ 1.1200e+02,  1.1100e+02,  0.0000e+00,  0.0000e+00,  0.0000e+00,
          0.0000e+00,  0.0000e+00,  1.4600e+02, -1.0000e+00, -1.0000e+00,
         -1.0000e+00, -1.0000e+00, -1.0000e+00,  3.1000e+01,  2.3593e+06],
        [ 1.0100e+02,  1.0000e+02,  0.0000e+00,  0.0000e+00,  0.0000e+00,
          0.0000e+00,  0.0000e+00,  3.2000e+01, -1.0000e+00, -1.0000e+00,
         -1.0000e+00, -1.0000e+00, -1.0000e+00,  1.7300e+02,  2.3593e+06],
        [ 5.0000e+00,  4.0000e+00,  0.0000e+00,  0.0000e+00,  0.0000e+00,
          0.0000e+00,  0.0000e+00,  9.3000e+01, -1.0000e+00, -1.0000e+00,
         -1.0000e+00, -1.0000e+00, -1.0000e+00,  1.3900e+02,  0.0000e+00],
        [ 2.0000e+00,  1.0000e+00,  0.0000e+00,  0.0000e+00,  0.0000e+00,
          0.0000e+00,  0.0000e+00,  0.0000e+00, -1.0000e+00, -1.0000e+00,
         -1.0000e+00, -1.0000e+00, -1.0000e+00,  2.9000e+01,  0.0000e+00],
        [ 1.3100e+02,  1.3000e+02,  0.0000e+00,  0.0000e+00,  0.0000e+00,
          0.0000e+00,  0.0000e+00,  3.7000e+01, -1.0000e+00, -1.0000e+00,
         -1.0000e+00, -1.0000e+00, -1.0000e+00,  8.2000e+01,  4.0960e+03],
        [ 6.2000e+01,  6.1000e+01,  0.0000e+00,  0.0000e+00,  0.0000e+00,
          0.0000e+00,  0.0000e+00,  1.2200e+02, -1.0000e+00, -1.0000e+00,
         -1.0000e+00, -1.0000e+00, -1.0000e+00,  7.6000e+01,  8.1920e+03],
        [ 9.9000e+01,  9.8000e+01,  0.0000e+00,  0.0000e+00,  0.0000e+00,
          0.0000e+00,  0.0000e+00,  6.4000e+01, -1.0000e+00, -1.0000e+00,
         -1.0000e+00, -1.0000e+00, -1.0000e+00,  1.7500e+02,  0.0000e+00],
        [ 1.8300e+02,  1.8200e+02,  0.0000e+00,  0.0000e+00,  0.0000e+00,
          0.0000e+00,  0.0000e+00,  1.2600e+02, -1.0000e+00, -1.0000e+00,
         -1.0000e+00, -1.0000e+00, -1.0000e+00,  5.3000e+01,  3.2768e+04],
        [ 1.6400e+02,  1.6300e+02,  0.0000e+00,  0.0000e+00,  0.0000e+00,
          0.0000e+00,  0.0000e+00,  1.4500e+02, -1.0000e+00, -1.0000e+00,
         -1.0000e+00, -1.0000e+00, -1.0000e+00,  1.4300e+02,  8.1920e+03],
        [ 1.3300e+02,  1.3200e+02,  0.0000e+00,  0.0000e+00,  0.0000e+00,
          0.0000e+00,  0.0000e+00,  4.7000e+01, -1.0000e+00, -1.0000e+00,
         -1.0000e+00, -1.0000e+00, -1.0000e+00,  6.0000e+01,  0.0000e+00],
        [ 2.6000e+01,  2.5000e+01,  0.0000e+00,  0.0000e+00,  0.0000e+00,
          0.0000e+00,  0.0000e+00,  7.5000e+01, -1.0000e+00, -1.0000e+00,
         -1.0000e+00, -1.0000e+00, -1.0000e+00,  1.0400e+02,  0.0000e+00],
        [ 6.8000e+01,  6.7000e+01,  0.0000e+00,  0.0000e+00,  0.0000e+00,
          0.0000e+00,  0.0000e+00,  1.3500e+02, -1.0000e+00, -1.0000e+00,
         -1.0000e+00, -1.0000e+00, -1.0000e+00,  1.6700e+02,  5.8982e+05],
        [ 1.0600e+02,  1.0500e+02,  0.0000e+00,  0.0000e+00,  0.0000e+00,
          0.0000e+00,  0.0000e+00,  1.5500e+02, -1.0000e+00, -1.0000e+00,
         -1.0000e+00, -1.0000e+00, -1.0000e+00,  1.0800e+02,  1.6384e+04],
        [ 9.1000e+01,  9.0000e+01,  0.0000e+00,  0.0000e+00,  0.0000e+00,
          0.0000e+00,  0.0000e+00,  9.7000e+01, -1.0000e+00, -1.0000e+00,
         -1.0000e+00, -1.0000e+00, -1.0000e+00,  1.1300e+02,  4.0960e+03],
        [ 5.0000e+01,  4.2000e+01,  4.9000e+01,  0.0000e+00,  0.0000e+00,
          0.0000e+00,  0.0000e+00,  1.8000e+01,  2.8000e+01, -1.0000e+00,
         -1.0000e+00, -1.0000e+00, -1.0000e+00,  1.7800e+02,  0.0000e+00],
        [ 1.1900e+02,  1.1800e+02,  0.0000e+00,  0.0000e+00,  0.0000e+00,
          0.0000e+00,  0.0000e+00,  9.9000e+01, -1.0000e+00, -1.0000e+00,
         -1.0000e+00, -1.0000e+00, -1.0000e+00,  9.6000e+01,  1.0486e+06],
        [ 5.8000e+01,  5.7000e+01,  0.0000e+00,  0.0000e+00,  0.0000e+00,
          0.0000e+00,  0.0000e+00,  1.4000e+02, -1.0000e+00, -1.0000e+00,
         -1.0000e+00, -1.0000e+00, -1.0000e+00,  4.8000e+01,  2.0480e+03],
        [ 1.7600e+02,  1.7500e+02,  0.0000e+00,  0.0000e+00,  0.0000e+00,
          0.0000e+00,  0.0000e+00,  9.1000e+01, -1.0000e+00, -1.0000e+00,
         -1.0000e+00, -1.0000e+00, -1.0000e+00,  6.5000e+01,  0.0000e+00],
        [ 1.7000e+01,  9.0000e+00,  1.6000e+01,  0.0000e+00,  0.0000e+00,
          0.0000e+00,  0.0000e+00,  4.0000e+01,  2.6000e+01, -1.0000e+00,
         -1.0000e+00, -1.0000e+00, -1.0000e+00,  1.6300e+02,  0.0000e+00],
        [ 1.4800e+02,  1.4700e+02,  0.0000e+00,  0.0000e+00,  0.0000e+00,
          0.0000e+00,  0.0000e+00,  2.0000e+01, -1.0000e+00, -1.0000e+00,
         -1.0000e+00, -1.0000e+00, -1.0000e+00,  1.6000e+02,  1.0527e+06],
        [ 1.1000e+02,  1.0900e+02,  0.0000e+00,  0.0000e+00,  0.0000e+00,
          0.0000e+00,  0.0000e+00,  1.7700e+02, -1.0000e+00, -1.0000e+00,
         -1.0000e+00, -1.0000e+00, -1.0000e+00,  1.6400e+02,  0.0000e+00],
        [ 1.8000e+01,  1.7000e+01,  0.0000e+00,  0.0000e+00,  0.0000e+00,
          0.0000e+00,  0.0000e+00,  1.6300e+02, -1.0000e+00, -1.0000e+00,
         -1.0000e+00, -1.0000e+00, -1.0000e+00,  1.0900e+02,  4.0960e+03],
        [ 8.4000e+01,  8.3000e+01,  0.0000e+00,  0.0000e+00,  0.0000e+00,
          0.0000e+00,  0.0000e+00,  3.0000e+00, -1.0000e+00, -1.0000e+00,
         -1.0000e+00, -1.0000e+00, -1.0000e+00,  3.6000e+01,  8.1920e+03],
        [ 7.0000e+01,  6.9000e+01,  0.0000e+00,  0.0000e+00,  0.0000e+00,
          0.0000e+00,  0.0000e+00,  1.0500e+02, -1.0000e+00, -1.0000e+00,
         -1.0000e+00, -1.0000e+00, -1.0000e+00,  8.0000e+01,  0.0000e+00],
        [ 1.1800e+02,  1.1700e+02,  0.0000e+00,  0.0000e+00,  0.0000e+00,
          0.0000e+00,  0.0000e+00,  6.1000e+01, -1.0000e+00, -1.0000e+00,
         -1.0000e+00, -1.0000e+00, -1.0000e+00,  9.9000e+01,  0.0000e+00],
        [ 9.6000e+01,  9.5000e+01,  0.0000e+00,  0.0000e+00,  0.0000e+00,
          0.0000e+00,  0.0000e+00,  1.6100e+02, -1.0000e+00, -1.0000e+00,
         -1.0000e+00, -1.0000e+00, -1.0000e+00,  8.0000e+00,  0.0000e+00],
        [ 3.6000e+01,  3.5000e+01,  0.0000e+00,  0.0000e+00,  0.0000e+00,
          0.0000e+00,  0.0000e+00,  3.9000e+01, -1.0000e+00, -1.0000e+00,
         -1.0000e+00, -1.0000e+00, -1.0000e+00,  4.5000e+01,  1.0240e+03],
        [ 1.6500e+02,  1.6400e+02,  0.0000e+00,  0.0000e+00,  0.0000e+00,
          0.0000e+00,  0.0000e+00,  1.4300e+02, -1.0000e+00, -1.0000e+00,
         -1.0000e+00, -1.0000e+00, -1.0000e+00,  4.6000e+01,  0.0000e+00],
        [ 1.4400e+02,  1.4300e+02,  0.0000e+00,  0.0000e+00,  0.0000e+00,
          0.0000e+00,  0.0000e+00,  1.3000e+02, -1.0000e+00, -1.0000e+00,
         -1.0000e+00, -1.0000e+00, -1.0000e+00,  7.9000e+01,  0.0000e+00],
        [ 1.2000e+01,  1.1000e+01,  0.0000e+00,  0.0000e+00,  0.0000e+00,
          0.0000e+00,  0.0000e+00,  8.1000e+01, -1.0000e+00, -1.0000e+00,
         -1.0000e+00, -1.0000e+00, -1.0000e+00,  6.2000e+01,  0.0000e+00],
        [ 9.8000e+01,  9.7000e+01,  0.0000e+00,  0.0000e+00,  0.0000e+00,
          0.0000e+00,  0.0000e+00,  4.0000e+00, -1.0000e+00, -1.0000e+00,
         -1.0000e+00, -1.0000e+00, -1.0000e+00,  6.4000e+01,  4.0960e+03],
        [ 9.0000e+00,  8.0000e+00,  0.0000e+00,  0.0000e+00,  0.0000e+00,
          0.0000e+00,  0.0000e+00,  6.0000e+00, -1.0000e+00, -1.0000e+00,
         -1.0000e+00, -1.0000e+00, -1.0000e+00,  1.5400e+02,  1.6384e+04],
        [ 2.1000e+01,  2.0000e+01,  0.0000e+00,  0.0000e+00,  0.0000e+00,
          0.0000e+00,  0.0000e+00,  3.5000e+01, -1.0000e+00, -1.0000e+00,
         -1.0000e+00, -1.0000e+00, -1.0000e+00,  1.8800e+02,  1.0240e+03],
        [ 2.9000e+01,  2.8000e+01,  0.0000e+00,  0.0000e+00,  0.0000e+00,
          0.0000e+00,  0.0000e+00,  1.2500e+02, -1.0000e+00, -1.0000e+00,
         -1.0000e+00, -1.0000e+00, -1.0000e+00,  1.4100e+02,  0.0000e+00],
        [ 1.6800e+02,  1.6700e+02,  0.0000e+00,  0.0000e+00,  0.0000e+00,
          0.0000e+00,  0.0000e+00,  1.1600e+02, -1.0000e+00, -1.0000e+00,
         -1.0000e+00, -1.0000e+00, -1.0000e+00,  9.0000e+00,  8.1920e+03],
        [ 6.0000e+00,  5.0000e+00,  0.0000e+00,  0.0000e+00,  0.0000e+00,
          0.0000e+00,  0.0000e+00,  1.3900e+02, -1.0000e+00, -1.0000e+00,
         -1.0000e+00, -1.0000e+00, -1.0000e+00,  5.4000e+01,  0.0000e+00],
        [ 3.0000e+01,  2.9000e+01,  0.0000e+00,  0.0000e+00,  0.0000e+00,
          0.0000e+00,  0.0000e+00,  8.4000e+01, -1.0000e+00, -1.0000e+00,
         -1.0000e+00, -1.0000e+00, -1.0000e+00,  1.0300e+02,  0.0000e+00],
        [ 8.8000e+01,  8.7000e+01,  0.0000e+00,  0.0000e+00,  0.0000e+00,
          0.0000e+00,  0.0000e+00,  1.6600e+02, -1.0000e+00, -1.0000e+00,
         -1.0000e+00, -1.0000e+00, -1.0000e+00,  3.0000e+01,  0.0000e+00],
        [ 6.0000e+01,  5.9000e+01,  0.0000e+00,  0.0000e+00,  0.0000e+00,
          0.0000e+00,  0.0000e+00,  6.9000e+01, -1.0000e+00, -1.0000e+00,
         -1.0000e+00, -1.0000e+00, -1.0000e+00,  1.4900e+02,  2.6419e+05],
        [ 1.3600e+02,  1.3500e+02,  0.0000e+00,  0.0000e+00,  0.0000e+00,
          0.0000e+00,  0.0000e+00,  4.1000e+01, -1.0000e+00, -1.0000e+00,
         -1.0000e+00, -1.0000e+00, -1.0000e+00,  1.0000e+02,  0.0000e+00],
        [ 1.4200e+02,  1.4100e+02,  0.0000e+00,  0.0000e+00,  0.0000e+00,
          0.0000e+00,  0.0000e+00,  1.6800e+02, -1.0000e+00, -1.0000e+00,
         -1.0000e+00, -1.0000e+00, -1.0000e+00,  1.3200e+02,  4.0960e+03],
        [ 1.7500e+02,  1.7400e+02,  0.0000e+00,  0.0000e+00,  0.0000e+00,
          0.0000e+00,  0.0000e+00,  1.5200e+02, -1.0000e+00, -1.0000e+00,
         -1.0000e+00, -1.0000e+00, -1.0000e+00,  9.1000e+01,  8.1920e+03],
        [ 6.4000e+01,  6.3000e+01,  0.0000e+00,  0.0000e+00,  0.0000e+00,
          0.0000e+00,  0.0000e+00,  7.7000e+01, -1.0000e+00, -1.0000e+00,
         -1.0000e+00, -1.0000e+00, -1.0000e+00,  4.2000e+01,  2.6214e+05],
        [ 1.7900e+02,  1.7800e+02,  0.0000e+00,  0.0000e+00,  0.0000e+00,
          0.0000e+00,  0.0000e+00,  6.8000e+01, -1.0000e+00, -1.0000e+00,
         -1.0000e+00, -1.0000e+00, -1.0000e+00,  3.8000e+01,  8.1920e+03],
        [ 1.2100e+02,  1.2000e+02,  0.0000e+00,  0.0000e+00,  0.0000e+00,
          0.0000e+00,  0.0000e+00,  2.7000e+01, -1.0000e+00, -1.0000e+00,
         -1.0000e+00, -1.0000e+00, -1.0000e+00,  1.7000e+01,  0.0000e+00],
        [ 1.7700e+02,  1.7600e+02,  0.0000e+00,  0.0000e+00,  0.0000e+00,
          0.0000e+00,  0.0000e+00,  6.5000e+01, -1.0000e+00, -1.0000e+00,
         -1.0000e+00, -1.0000e+00, -1.0000e+00,  1.8200e+02,  0.0000e+00],
        [ 3.1000e+01,  3.0000e+01,  0.0000e+00,  0.0000e+00,  0.0000e+00,
          0.0000e+00,  0.0000e+00,  1.0300e+02, -1.0000e+00, -1.0000e+00,
         -1.0000e+00, -1.0000e+00, -1.0000e+00,  1.6900e+02,  6.5536e+04],
        [ 3.4000e+01,  3.3000e+01,  0.0000e+00,  0.0000e+00,  0.0000e+00,
          0.0000e+00,  0.0000e+00,  7.2000e+01, -1.0000e+00, -1.0000e+00,
         -1.0000e+00, -1.0000e+00, -1.0000e+00,  6.7000e+01,  0.0000e+00],
        [ 1.9000e+01,  1.8000e+01,  0.0000e+00,  0.0000e+00,  0.0000e+00,
          0.0000e+00,  0.0000e+00,  1.0900e+02, -1.0000e+00, -1.0000e+00,
         -1.0000e+00, -1.0000e+00, -1.0000e+00,  1.8700e+02,  0.0000e+00],
        [ 7.4000e+01,  7.3000e+01,  0.0000e+00,  0.0000e+00,  0.0000e+00,
          0.0000e+00,  0.0000e+00,  1.2800e+02, -1.0000e+00, -1.0000e+00,
         -1.0000e+00, -1.0000e+00, -1.0000e+00,  7.4000e+01,  0.0000e+00],
        [ 1.6900e+02,  1.6800e+02,  0.0000e+00,  0.0000e+00,  0.0000e+00,
          0.0000e+00,  0.0000e+00,  9.0000e+00, -1.0000e+00, -1.0000e+00,
         -1.0000e+00, -1.0000e+00, -1.0000e+00,  1.2700e+02,  0.0000e+00],
        [ 1.3800e+02,  1.2700e+02,  1.3700e+02,  0.0000e+00,  0.0000e+00,
          0.0000e+00,  0.0000e+00,  1.8300e+02,  1.9000e+02, -1.0000e+00,
         -1.0000e+00, -1.0000e+00, -1.0000e+00,  4.3000e+01,  0.0000e+00],
        [ 1.2600e+02,  1.2500e+02,  0.0000e+00,  0.0000e+00,  0.0000e+00,
          0.0000e+00,  0.0000e+00,  1.3800e+02, -1.0000e+00, -1.0000e+00,
         -1.0000e+00, -1.0000e+00, -1.0000e+00,  1.7600e+02,  1.0527e+06],
        [ 1.4300e+02,  1.4200e+02,  0.0000e+00,  0.0000e+00,  0.0000e+00,
          0.0000e+00,  0.0000e+00,  1.3200e+02, -1.0000e+00, -1.0000e+00,
         -1.0000e+00, -1.0000e+00, -1.0000e+00,  1.3000e+02,  0.0000e+00],
        [ 5.4000e+01,  5.3000e+01,  0.0000e+00,  0.0000e+00,  0.0000e+00,
          0.0000e+00,  0.0000e+00,  1.8000e+02, -1.0000e+00, -1.0000e+00,
         -1.0000e+00, -1.0000e+00, -1.0000e+00,  1.3000e+01,  2.0480e+03],
        [ 2.2000e+01,  2.1000e+01,  0.0000e+00,  0.0000e+00,  0.0000e+00,
          0.0000e+00,  0.0000e+00,  1.8800e+02, -1.0000e+00, -1.0000e+00,
         -1.0000e+00, -1.0000e+00, -1.0000e+00,  1.4700e+02,  0.0000e+00],
        [ 4.9000e+01,  4.8000e+01,  0.0000e+00,  0.0000e+00,  0.0000e+00,
          0.0000e+00,  0.0000e+00,  1.3100e+02, -1.0000e+00, -1.0000e+00,
         -1.0000e+00, -1.0000e+00, -1.0000e+00,  2.8000e+01,  2.6419e+05],
        [ 1.2200e+02,  1.2100e+02,  0.0000e+00,  0.0000e+00,  0.0000e+00,
          0.0000e+00,  0.0000e+00,  1.7000e+01, -1.0000e+00, -1.0000e+00,
         -1.0000e+00, -1.0000e+00, -1.0000e+00,  9.2000e+01,  0.0000e+00],
        [ 3.3000e+01,  3.2000e+01,  0.0000e+00,  0.0000e+00,  0.0000e+00,
          0.0000e+00,  0.0000e+00,  8.8000e+01, -1.0000e+00, -1.0000e+00,
         -1.0000e+00, -1.0000e+00, -1.0000e+00,  7.2000e+01,  0.0000e+00],
        [ 1.8500e+02,  1.8400e+02,  0.0000e+00,  0.0000e+00,  0.0000e+00,
          0.0000e+00,  0.0000e+00,  1.5900e+02, -1.0000e+00, -1.0000e+00,
         -1.0000e+00, -1.0000e+00, -1.0000e+00,  2.4000e+01,  0.0000e+00],
        [ 1.6600e+02,  1.6500e+02,  0.0000e+00,  0.0000e+00,  0.0000e+00,
          0.0000e+00,  0.0000e+00,  4.6000e+01, -1.0000e+00, -1.0000e+00,
         -1.0000e+00, -1.0000e+00, -1.0000e+00,  1.0600e+02,  0.0000e+00],
        [ 1.3000e+01,  1.2000e+01,  0.0000e+00,  0.0000e+00,  0.0000e+00,
          0.0000e+00,  0.0000e+00,  6.2000e+01, -1.0000e+00, -1.0000e+00,
         -1.0000e+00, -1.0000e+00, -1.0000e+00,  5.2000e+01,  1.4746e+05],
        [ 3.0000e+00,  2.0000e+00,  0.0000e+00,  0.0000e+00,  0.0000e+00,
          0.0000e+00,  0.0000e+00,  2.9000e+01, -1.0000e+00, -1.0000e+00,
         -1.0000e+00, -1.0000e+00, -1.0000e+00,  7.3000e+01,  0.0000e+00],
        [ 1.4500e+02,  1.4400e+02,  0.0000e+00,  0.0000e+00,  0.0000e+00,
          0.0000e+00,  0.0000e+00,  7.9000e+01, -1.0000e+00, -1.0000e+00,
         -1.0000e+00, -1.0000e+00, -1.0000e+00,  1.8100e+02,  2.3593e+06],
        [ 1.3400e+02,  1.3300e+02,  0.0000e+00,  0.0000e+00,  0.0000e+00,
          0.0000e+00,  0.0000e+00,  6.0000e+01, -1.0000e+00, -1.0000e+00,
         -1.0000e+00, -1.0000e+00, -1.0000e+00,  1.0700e+02,  2.3593e+06],
        [ 2.5000e+01,  2.4000e+01,  0.0000e+00,  0.0000e+00,  0.0000e+00,
          0.0000e+00,  0.0000e+00,  1.7100e+02, -1.0000e+00, -1.0000e+00,
         -1.0000e+00, -1.0000e+00, -1.0000e+00,  7.5000e+01,  1.0240e+03],
        [ 7.3000e+01,  7.2000e+01,  0.0000e+00,  0.0000e+00,  0.0000e+00,
          0.0000e+00,  0.0000e+00,  2.5000e+01, -1.0000e+00, -1.0000e+00,
         -1.0000e+00, -1.0000e+00, -1.0000e+00,  1.2800e+02,  8.1920e+03],
        [ 1.1100e+02,  1.1000e+02,  0.0000e+00,  0.0000e+00,  0.0000e+00,
          0.0000e+00,  0.0000e+00,  1.6400e+02, -1.0000e+00, -1.0000e+00,
         -1.0000e+00, -1.0000e+00, -1.0000e+00,  1.4600e+02,  0.0000e+00],
        [ 1.0300e+02,  1.0200e+02,  0.0000e+00,  0.0000e+00,  0.0000e+00,
          0.0000e+00,  0.0000e+00,  1.5300e+02, -1.0000e+00, -1.0000e+00,
         -1.0000e+00, -1.0000e+00, -1.0000e+00,  1.4800e+02,  0.0000e+00],
        [ 9.5000e+01,  9.4000e+01,  0.0000e+00,  0.0000e+00,  0.0000e+00,
          0.0000e+00,  0.0000e+00,  1.3700e+02, -1.0000e+00, -1.0000e+00,
         -1.0000e+00, -1.0000e+00, -1.0000e+00,  1.6100e+02,  1.6384e+04],
        [ 7.7000e+01,  7.6000e+01,  0.0000e+00,  0.0000e+00,  0.0000e+00,
          0.0000e+00,  0.0000e+00,  1.6500e+02, -1.0000e+00, -1.0000e+00,
         -1.0000e+00, -1.0000e+00, -1.0000e+00,  1.1100e+02,  0.0000e+00],
        [ 1.6100e+02,  1.6000e+02,  0.0000e+00,  0.0000e+00,  0.0000e+00,
          0.0000e+00,  0.0000e+00,  1.7400e+02, -1.0000e+00, -1.0000e+00,
         -1.0000e+00, -1.0000e+00, -1.0000e+00,  1.1200e+02,  3.2768e+04],
        [ 8.5000e+01,  8.4000e+01,  0.0000e+00,  0.0000e+00,  0.0000e+00,
          0.0000e+00,  0.0000e+00,  3.6000e+01, -1.0000e+00, -1.0000e+00,
         -1.0000e+00, -1.0000e+00, -1.0000e+00,  5.9000e+01,  0.0000e+00],
        [ 5.2000e+01,  5.1000e+01,  0.0000e+00,  0.0000e+00,  0.0000e+00,
          0.0000e+00,  0.0000e+00,  5.7000e+01, -1.0000e+00, -1.0000e+00,
         -1.0000e+00, -1.0000e+00, -1.0000e+00,  1.8600e+02,  0.0000e+00],
        [ 6.7000e+01,  6.6000e+01,  0.0000e+00,  0.0000e+00,  0.0000e+00,
          0.0000e+00,  0.0000e+00,  1.3600e+02, -1.0000e+00, -1.0000e+00,
         -1.0000e+00, -1.0000e+00, -1.0000e+00,  1.3500e+02,  0.0000e+00],
        [ 5.3000e+01,  5.2000e+01,  0.0000e+00,  0.0000e+00,  0.0000e+00,
          0.0000e+00,  0.0000e+00,  1.8600e+02, -1.0000e+00, -1.0000e+00,
         -1.0000e+00, -1.0000e+00, -1.0000e+00,  1.8000e+02,  2.6214e+05],
        [ 1.2300e+02,  1.2200e+02,  0.0000e+00,  0.0000e+00,  0.0000e+00,
          0.0000e+00,  0.0000e+00,  9.2000e+01, -1.0000e+00, -1.0000e+00,
         -1.0000e+00, -1.0000e+00, -1.0000e+00,  1.5700e+02,  2.3593e+06],
        [ 5.9000e+01,  5.8000e+01,  0.0000e+00,  0.0000e+00,  0.0000e+00,
          0.0000e+00,  0.0000e+00,  4.8000e+01, -1.0000e+00, -1.0000e+00,
         -1.0000e+00, -1.0000e+00, -1.0000e+00,  6.9000e+01,  0.0000e+00],
        [ 8.7000e+01,  8.6000e+01,  0.0000e+00,  0.0000e+00,  0.0000e+00,
          0.0000e+00,  0.0000e+00,  6.6000e+01, -1.0000e+00, -1.0000e+00,
         -1.0000e+00, -1.0000e+00, -1.0000e+00,  1.6600e+02,  4.0960e+03],
        [ 1.2900e+02,  1.2800e+02,  0.0000e+00,  0.0000e+00,  0.0000e+00,
          0.0000e+00,  0.0000e+00,  1.1900e+02, -1.0000e+00, -1.0000e+00,
         -1.0000e+00, -1.0000e+00, -1.0000e+00,  5.0000e+01,  0.0000e+00],
        [ 1.3700e+02,  1.3600e+02,  0.0000e+00,  0.0000e+00,  0.0000e+00,
          0.0000e+00,  0.0000e+00,  1.0000e+02, -1.0000e+00, -1.0000e+00,
         -1.0000e+00, -1.0000e+00, -1.0000e+00,  1.9000e+02,  1.0527e+06],
        [ 7.1000e+01,  7.0000e+01,  0.0000e+00,  0.0000e+00,  0.0000e+00,
          0.0000e+00,  0.0000e+00,  8.0000e+01, -1.0000e+00, -1.0000e+00,
         -1.0000e+00, -1.0000e+00, -1.0000e+00,  7.0000e+01,  2.6419e+05],
        [ 1.5000e+01,  1.4000e+01,  0.0000e+00,  0.0000e+00,  0.0000e+00,
          0.0000e+00,  0.0000e+00,  3.4000e+01, -1.0000e+00, -1.0000e+00,
         -1.0000e+00, -1.0000e+00, -1.0000e+00,  1.1800e+02,  0.0000e+00],
        [ 2.0000e+01,  1.9000e+01,  0.0000e+00,  0.0000e+00,  0.0000e+00,
          0.0000e+00,  0.0000e+00,  1.8700e+02, -1.0000e+00, -1.0000e+00,
         -1.0000e+00, -1.0000e+00, -1.0000e+00,  3.5000e+01,  6.5536e+04],
        [ 4.8000e+01,  4.7000e+01,  0.0000e+00,  0.0000e+00,  0.0000e+00,
          0.0000e+00,  0.0000e+00,  1.1500e+02, -1.0000e+00, -1.0000e+00,
         -1.0000e+00, -1.0000e+00, -1.0000e+00,  1.3100e+02,  0.0000e+00],
        [ 7.2000e+01,  6.1000e+01,  7.1000e+01,  0.0000e+00,  0.0000e+00,
          0.0000e+00,  0.0000e+00,  1.2200e+02,  7.0000e+01, -1.0000e+00,
         -1.0000e+00, -1.0000e+00, -1.0000e+00,  2.5000e+01,  0.0000e+00],
        [ 8.9000e+01,  8.8000e+01,  0.0000e+00,  0.0000e+00,  0.0000e+00,
          0.0000e+00,  0.0000e+00,  3.0000e+01, -1.0000e+00, -1.0000e+00,
         -1.0000e+00, -1.0000e+00, -1.0000e+00,  1.2300e+02,  0.0000e+00],
        [ 1.8000e+02,  1.7900e+02,  0.0000e+00,  0.0000e+00,  0.0000e+00,
          0.0000e+00,  0.0000e+00,  3.8000e+01, -1.0000e+00, -1.0000e+00,
         -1.0000e+00, -1.0000e+00, -1.0000e+00,  1.0000e+01,  0.0000e+00],
        [ 1.3500e+02,  1.3400e+02,  0.0000e+00,  0.0000e+00,  0.0000e+00,
          0.0000e+00,  0.0000e+00,  1.0700e+02, -1.0000e+00, -1.0000e+00,
         -1.0000e+00, -1.0000e+00, -1.0000e+00,  4.1000e+01,  4.0960e+03],
        [ 2.4000e+01,  2.3000e+01,  0.0000e+00,  0.0000e+00,  0.0000e+00,
          0.0000e+00,  0.0000e+00,  5.5000e+01, -1.0000e+00, -1.0000e+00,
         -1.0000e+00, -1.0000e+00, -1.0000e+00,  1.7100e+02,  1.4746e+05],
        [ 1.1000e+01,  1.0000e+01,  0.0000e+00,  0.0000e+00,  0.0000e+00,
          0.0000e+00,  0.0000e+00,  8.6000e+01, -1.0000e+00, -1.0000e+00,
         -1.0000e+00, -1.0000e+00, -1.0000e+00,  8.1000e+01,  0.0000e+00],
        [ 9.0000e+01,  8.9000e+01,  0.0000e+00,  0.0000e+00,  0.0000e+00,
          0.0000e+00,  0.0000e+00,  1.2300e+02, -1.0000e+00, -1.0000e+00,
         -1.0000e+00, -1.0000e+00, -1.0000e+00,  9.7000e+01,  2.3593e+06],
        [ 1.3200e+02,  1.3100e+02,  0.0000e+00,  0.0000e+00,  0.0000e+00,
          0.0000e+00,  0.0000e+00,  8.2000e+01, -1.0000e+00, -1.0000e+00,
         -1.0000e+00, -1.0000e+00, -1.0000e+00,  4.7000e+01,  0.0000e+00],
        [ 4.3000e+01,  4.2000e+01,  0.0000e+00,  0.0000e+00,  0.0000e+00,
          0.0000e+00,  0.0000e+00,  1.0100e+02, -1.0000e+00, -1.0000e+00,
         -1.0000e+00, -1.0000e+00, -1.0000e+00,  7.8000e+01,  2.0480e+03],
        [ 1.7300e+02,  1.7200e+02,  0.0000e+00,  0.0000e+00,  0.0000e+00,
          0.0000e+00,  0.0000e+00,  1.6000e+01, -1.0000e+00, -1.0000e+00,
         -1.0000e+00, -1.0000e+00, -1.0000e+00,  1.7000e+02,  0.0000e+00],
        [ 1.2000e+02,  1.1900e+02,  0.0000e+00,  0.0000e+00,  0.0000e+00,
          0.0000e+00,  0.0000e+00,  9.6000e+01, -1.0000e+00, -1.0000e+00,
         -1.0000e+00, -1.0000e+00, -1.0000e+00,  2.7000e+01,  4.0960e+03],
        [ 7.3000e+01,  7.2000e+01,  0.0000e+00,  0.0000e+00,  0.0000e+00,
          0.0000e+00,  0.0000e+00,  2.5000e+01, -1.0000e+00, -1.0000e+00,
         -1.0000e+00, -1.0000e+00, -1.0000e+00,  1.2100e+02,  0.0000e+00],
        [ 1.3900e+02,  1.3800e+02,  0.0000e+00,  0.0000e+00,  0.0000e+00,
          0.0000e+00,  0.0000e+00,  4.3000e+01, -1.0000e+00, -1.0000e+00,
         -1.0000e+00, -1.0000e+00, -1.0000e+00,  8.7000e+01,  1.6384e+04],
        [ 1.0400e+02,  1.0300e+02,  0.0000e+00,  0.0000e+00,  0.0000e+00,
          0.0000e+00,  0.0000e+00,  1.4800e+02, -1.0000e+00, -1.0000e+00,
         -1.0000e+00, -1.0000e+00, -1.0000e+00,  1.1000e+02,  1.0527e+06],
        [ 1.4000e+01,  1.3000e+01,  0.0000e+00,  0.0000e+00,  0.0000e+00,
          0.0000e+00,  0.0000e+00,  5.2000e+01, -1.0000e+00, -1.0000e+00,
         -1.0000e+00, -1.0000e+00, -1.0000e+00,  3.4000e+01,  1.0240e+03],
        [ 4.4000e+01,  4.3000e+01,  0.0000e+00,  0.0000e+00,  0.0000e+00,
          0.0000e+00,  0.0000e+00,  7.8000e+01, -1.0000e+00, -1.0000e+00,
         -1.0000e+00, -1.0000e+00, -1.0000e+00,  1.2000e+01,  0.0000e+00],
        [ 8.6000e+01,  8.5000e+01,  0.0000e+00,  0.0000e+00,  0.0000e+00,
          0.0000e+00,  0.0000e+00,  5.9000e+01, -1.0000e+00, -1.0000e+00,
         -1.0000e+00, -1.0000e+00, -1.0000e+00,  6.6000e+01,  5.2429e+05],
        [ 4.0000e+01,  3.9000e+01,  0.0000e+00,  0.0000e+00,  0.0000e+00,
          0.0000e+00,  0.0000e+00,  2.3000e+01, -1.0000e+00, -1.0000e+00,
         -1.0000e+00, -1.0000e+00, -1.0000e+00,  1.1700e+02,  4.0960e+03],
        [ 4.2000e+01,  4.1000e+01,  0.0000e+00,  0.0000e+00,  0.0000e+00,
          0.0000e+00,  0.0000e+00,  5.1000e+01, -1.0000e+00, -1.0000e+00,
         -1.0000e+00, -1.0000e+00, -1.0000e+00,  1.0100e+02,  1.3107e+05],
        [ 7.9000e+01,  7.8000e+01,  0.0000e+00,  0.0000e+00,  0.0000e+00,
          0.0000e+00,  0.0000e+00,  1.5600e+02, -1.0000e+00, -1.0000e+00,
         -1.0000e+00, -1.0000e+00, -1.0000e+00,  1.2000e+02,  5.8982e+05],
        [ 1.5800e+02,  1.5700e+02,  0.0000e+00,  0.0000e+00,  0.0000e+00,
          0.0000e+00,  0.0000e+00,  1.8400e+02, -1.0000e+00, -1.0000e+00,
         -1.0000e+00, -1.0000e+00, -1.0000e+00,  1.5000e+01,  0.0000e+00],
        [ 4.2000e+01,  4.1000e+01,  0.0000e+00,  0.0000e+00,  0.0000e+00,
          0.0000e+00,  0.0000e+00,  5.1000e+01, -1.0000e+00, -1.0000e+00,
         -1.0000e+00, -1.0000e+00, -1.0000e+00,  1.8000e+01,  5.2634e+05],
        [ 1.6000e+01,  1.5000e+01,  0.0000e+00,  0.0000e+00,  0.0000e+00,
          0.0000e+00,  0.0000e+00,  1.1800e+02, -1.0000e+00, -1.0000e+00,
         -1.0000e+00, -1.0000e+00, -1.0000e+00,  2.6000e+01,  6.6560e+04],
        [ 1.0900e+02,  1.0800e+02,  0.0000e+00,  0.0000e+00,  0.0000e+00,
          0.0000e+00,  0.0000e+00,  9.5000e+01, -1.0000e+00, -1.0000e+00,
         -1.0000e+00, -1.0000e+00, -1.0000e+00,  1.7700e+02,  4.0960e+03],
        [ 8.6000e+01,  8.5000e+01,  0.0000e+00,  0.0000e+00,  0.0000e+00,
          0.0000e+00,  0.0000e+00,  5.9000e+01, -1.0000e+00, -1.0000e+00,
         -1.0000e+00, -1.0000e+00, -1.0000e+00,  7.1000e+01,  2.1012e+06],
        [ 7.5000e+01,  7.4000e+01,  0.0000e+00,  0.0000e+00,  0.0000e+00,
          0.0000e+00,  0.0000e+00,  7.4000e+01, -1.0000e+00, -1.0000e+00,
         -1.0000e+00, -1.0000e+00, -1.0000e+00,  1.4000e+01,  2.6214e+05],
        [ 1.4700e+02,  1.4600e+02,  0.0000e+00,  0.0000e+00,  0.0000e+00,
          0.0000e+00,  0.0000e+00,  9.4000e+01, -1.0000e+00, -1.0000e+00,
         -1.0000e+00, -1.0000e+00, -1.0000e+00,  2.0000e+01,  0.0000e+00],
        [ 1.3900e+02,  1.3800e+02,  0.0000e+00,  0.0000e+00,  0.0000e+00,
          0.0000e+00,  0.0000e+00,  4.3000e+01, -1.0000e+00, -1.0000e+00,
         -1.0000e+00, -1.0000e+00, -1.0000e+00,  1.9000e+01,  0.0000e+00],
        [ 1.2800e+02,  1.2700e+02,  0.0000e+00,  0.0000e+00,  0.0000e+00,
          0.0000e+00,  0.0000e+00,  1.8300e+02, -1.0000e+00, -1.0000e+00,
         -1.0000e+00, -1.0000e+00, -1.0000e+00,  1.1900e+02,  1.6384e+04],
        [ 2.9000e+01,  2.8000e+01,  0.0000e+00,  0.0000e+00,  0.0000e+00,
          0.0000e+00,  0.0000e+00,  1.2500e+02, -1.0000e+00, -1.0000e+00,
         -1.0000e+00, -1.0000e+00, -1.0000e+00,  8.4000e+01,  4.0960e+03],
        [ 6.5000e+01,  6.4000e+01,  0.0000e+00,  0.0000e+00,  0.0000e+00,
          0.0000e+00,  0.0000e+00,  4.2000e+01, -1.0000e+00, -1.0000e+00,
         -1.0000e+00, -1.0000e+00, -1.0000e+00,  8.5000e+01,  2.0480e+03],
        [ 3.8000e+01,  3.7000e+01,  0.0000e+00,  0.0000e+00,  0.0000e+00,
          0.0000e+00,  0.0000e+00,  1.6200e+02, -1.0000e+00, -1.0000e+00,
         -1.0000e+00, -1.0000e+00, -1.0000e+00,  1.8500e+02,  6.6560e+04],
        [ 1.4600e+02,  1.4500e+02,  0.0000e+00,  0.0000e+00,  0.0000e+00,
          0.0000e+00,  0.0000e+00,  1.8100e+02, -1.0000e+00, -1.0000e+00,
         -1.0000e+00, -1.0000e+00, -1.0000e+00,  9.4000e+01,  4.0960e+03],
        [ 1.1700e+02,  1.1600e+02,  0.0000e+00,  0.0000e+00,  0.0000e+00,
          0.0000e+00,  0.0000e+00,  1.3400e+02, -1.0000e+00, -1.0000e+00,
         -1.0000e+00, -1.0000e+00, -1.0000e+00,  6.1000e+01,  1.6384e+04],
        [ 8.2000e+01,  8.1000e+01,  0.0000e+00,  0.0000e+00,  0.0000e+00,
          0.0000e+00,  0.0000e+00,  5.8000e+01, -1.0000e+00, -1.0000e+00,
         -1.0000e+00, -1.0000e+00, -1.0000e+00,  1.2400e+02,  2.6419e+05],
        [ 9.2000e+01,  9.1000e+01,  0.0000e+00,  0.0000e+00,  0.0000e+00,
          0.0000e+00,  0.0000e+00,  1.1300e+02, -1.0000e+00, -1.0000e+00,
         -1.0000e+00, -1.0000e+00, -1.0000e+00,  7.0000e+00,  0.0000e+00],
        [ 1.3000e+02,  1.2900e+02,  0.0000e+00,  0.0000e+00,  0.0000e+00,
          0.0000e+00,  0.0000e+00,  5.0000e+01, -1.0000e+00, -1.0000e+00,
         -1.0000e+00, -1.0000e+00, -1.0000e+00,  3.7000e+01,  1.0486e+06],
        [ 6.3000e+01,  6.2000e+01,  0.0000e+00,  0.0000e+00,  0.0000e+00,
          0.0000e+00,  0.0000e+00,  7.6000e+01, -1.0000e+00, -1.0000e+00,
         -1.0000e+00, -1.0000e+00, -1.0000e+00,  7.7000e+01,  0.0000e+00],
        [ 1.7200e+02,  1.7100e+02,  0.0000e+00,  0.0000e+00,  0.0000e+00,
          0.0000e+00,  0.0000e+00,  1.4400e+02, -1.0000e+00, -1.0000e+00,
         -1.0000e+00, -1.0000e+00, -1.0000e+00,  1.6000e+01,  3.2768e+04],
        [ 1.2500e+02,  1.2400e+02,  0.0000e+00,  0.0000e+00,  0.0000e+00,
          0.0000e+00,  0.0000e+00,  1.0200e+02, -1.0000e+00, -1.0000e+00,
         -1.0000e+00, -1.0000e+00, -1.0000e+00,  1.3800e+02,  0.0000e+00],
        [ 2.7000e+01,  2.6000e+01,  0.0000e+00,  0.0000e+00,  0.0000e+00,
          0.0000e+00,  0.0000e+00,  1.0400e+02, -1.0000e+00, -1.0000e+00,
         -1.0000e+00, -1.0000e+00, -1.0000e+00,  9.8000e+01,  6.6560e+04],
        [ 1.2700e+02,  1.1600e+02,  1.2600e+02,  0.0000e+00,  0.0000e+00,
          0.0000e+00,  0.0000e+00,  1.3400e+02,  1.7600e+02, -1.0000e+00,
         -1.0000e+00, -1.0000e+00, -1.0000e+00,  1.8300e+02,  0.0000e+00],
        [ 6.9000e+01,  6.8000e+01,  0.0000e+00,  0.0000e+00,  0.0000e+00,
          0.0000e+00,  0.0000e+00,  1.6700e+02, -1.0000e+00, -1.0000e+00,
         -1.0000e+00, -1.0000e+00, -1.0000e+00,  1.0500e+02,  2.0480e+03],
        [ 1.0000e+01,  9.0000e+00,  0.0000e+00,  0.0000e+00,  0.0000e+00,
          0.0000e+00,  0.0000e+00,  1.5400e+02, -1.0000e+00, -1.0000e+00,
         -1.0000e+00, -1.0000e+00, -1.0000e+00,  8.6000e+01,  1.0240e+03],
        [ 2.8000e+01,  1.7000e+01,  2.7000e+01,  0.0000e+00,  0.0000e+00,
          0.0000e+00,  0.0000e+00,  1.6300e+02,  9.8000e+01, -1.0000e+00,
         -1.0000e+00, -1.0000e+00, -1.0000e+00,  1.2500e+02,  0.0000e+00],
        [ 2.3000e+01,  2.2000e+01,  0.0000e+00,  0.0000e+00,  0.0000e+00,
          0.0000e+00,  0.0000e+00,  1.4700e+02, -1.0000e+00, -1.0000e+00,
         -1.0000e+00, -1.0000e+00, -1.0000e+00,  5.5000e+01,  0.0000e+00],
        [ 5.5000e+01,  5.4000e+01,  0.0000e+00,  0.0000e+00,  0.0000e+00,
          0.0000e+00,  0.0000e+00,  1.3000e+01, -1.0000e+00, -1.0000e+00,
         -1.0000e+00, -1.0000e+00, -1.0000e+00,  1.0000e+00,  0.0000e+00],
        [ 6.6000e+01,  6.5000e+01,  0.0000e+00,  0.0000e+00,  0.0000e+00,
          0.0000e+00,  0.0000e+00,  8.5000e+01, -1.0000e+00, -1.0000e+00,
         -1.0000e+00, -1.0000e+00, -1.0000e+00,  1.3600e+02,  0.0000e+00],
        [ 8.1000e+01,  8.0000e+01,  0.0000e+00,  0.0000e+00,  0.0000e+00,
          0.0000e+00,  0.0000e+00,  4.4000e+01, -1.0000e+00, -1.0000e+00,
         -1.0000e+00, -1.0000e+00, -1.0000e+00,  5.8000e+01,  0.0000e+00],
        [ 1.0800e+02,  1.0700e+02,  0.0000e+00,  0.0000e+00,  0.0000e+00,
          0.0000e+00,  0.0000e+00,  1.7200e+02, -1.0000e+00, -1.0000e+00,
         -1.0000e+00, -1.0000e+00, -1.0000e+00,  9.5000e+01,  1.0486e+06],
        [ 1.4000e+02,  1.3900e+02,  0.0000e+00,  0.0000e+00,  0.0000e+00,
          0.0000e+00,  0.0000e+00,  8.7000e+01, -1.0000e+00, -1.0000e+00,
         -1.0000e+00, -1.0000e+00, -1.0000e+00,  1.3300e+02,  0.0000e+00],
        [ 4.1000e+01,  4.0000e+01,  0.0000e+00,  0.0000e+00,  0.0000e+00,
          0.0000e+00,  0.0000e+00,  1.1700e+02, -1.0000e+00, -1.0000e+00,
         -1.0000e+00, -1.0000e+00, -1.0000e+00,  5.1000e+01,  0.0000e+00],
        [ 7.0000e+00,  6.0000e+00,  0.0000e+00,  0.0000e+00,  0.0000e+00,
          0.0000e+00,  0.0000e+00,  5.4000e+01, -1.0000e+00, -1.0000e+00,
         -1.0000e+00, -1.0000e+00, -1.0000e+00,  2.2000e+01,  1.0240e+03],
        [ 9.7000e+01,  9.6000e+01,  0.0000e+00,  0.0000e+00,  0.0000e+00,
          0.0000e+00,  0.0000e+00,  8.0000e+00, -1.0000e+00, -1.0000e+00,
         -1.0000e+00, -1.0000e+00, -1.0000e+00,  4.0000e+00,  1.0486e+06],
        [ 1.5200e+02,  1.5100e+02,  0.0000e+00,  0.0000e+00,  0.0000e+00,
          0.0000e+00,  0.0000e+00,  1.1400e+02, -1.0000e+00, -1.0000e+00,
         -1.0000e+00, -1.0000e+00, -1.0000e+00,  1.9100e+02,  2.0972e+06],
        [ 5.7000e+01,  5.6000e+01,  0.0000e+00,  0.0000e+00,  0.0000e+00,
          0.0000e+00,  0.0000e+00,  8.3000e+01, -1.0000e+00, -1.0000e+00,
         -1.0000e+00, -1.0000e+00, -1.0000e+00,  1.4000e+02,  5.8982e+05],
        [ 1.8200e+02,  1.7100e+02,  1.8100e+02,  0.0000e+00,  0.0000e+00,
          0.0000e+00,  0.0000e+00,  1.4400e+02,  1.7900e+02, -1.0000e+00,
         -1.0000e+00, -1.0000e+00, -1.0000e+00,  1.2600e+02,  0.0000e+00],
        [ 1.5400e+02,  1.5300e+02,  0.0000e+00,  0.0000e+00,  0.0000e+00,
          0.0000e+00,  0.0000e+00,  3.3000e+01, -1.0000e+00, -1.0000e+00,
         -1.0000e+00, -1.0000e+00, -1.0000e+00,  1.1000e+01,  0.0000e+00],
        [ 1.5000e+02,  1.4900e+02,  0.0000e+00,  0.0000e+00,  0.0000e+00,
          0.0000e+00,  0.0000e+00,  1.8900e+02, -1.0000e+00, -1.0000e+00,
         -1.0000e+00, -1.0000e+00, -1.0000e+00,  6.3000e+01,  1.6384e+04],
        [ 9.4000e+01,  8.6000e+01,  9.3000e+01,  0.0000e+00,  0.0000e+00,
          0.0000e+00,  0.0000e+00,  7.1000e+01,  5.6000e+01, -1.0000e+00,
         -1.0000e+00, -1.0000e+00, -1.0000e+00,  1.3700e+02,  0.0000e+00],
        [ 1.7100e+02,  1.6000e+02,  1.7000e+02,  0.0000e+00,  0.0000e+00,
          0.0000e+00,  0.0000e+00,  1.7400e+02,  1.2900e+02, -1.0000e+00,
         -1.0000e+00, -1.0000e+00, -1.0000e+00,  1.4400e+02,  0.0000e+00],
        [ 6.1000e+01,  5.0000e+01,  6.0000e+01,  0.0000e+00,  0.0000e+00,
          0.0000e+00,  0.0000e+00,  1.7800e+02,  1.4900e+02, -1.0000e+00,
         -1.0000e+00, -1.0000e+00, -1.0000e+00,  1.2200e+02,  0.0000e+00],
        [ 1.1600e+02,  1.0500e+02,  1.1500e+02,  0.0000e+00,  0.0000e+00,
          0.0000e+00,  0.0000e+00,  1.5500e+02,  8.9000e+01, -1.0000e+00,
         -1.0000e+00, -1.0000e+00, -1.0000e+00,  1.3400e+02,  0.0000e+00],
        [ 1.1500e+02,  1.1400e+02,  0.0000e+00,  0.0000e+00,  0.0000e+00,
          0.0000e+00,  0.0000e+00,  2.1000e+01, -1.0000e+00, -1.0000e+00,
         -1.0000e+00, -1.0000e+00, -1.0000e+00,  8.9000e+01,  1.0527e+06],
        [ 1.6000e+02,  1.5200e+02,  1.5900e+02,  0.0000e+00,  0.0000e+00,
          0.0000e+00,  0.0000e+00,  4.9000e+01,  5.0000e+00, -1.0000e+00,
         -1.0000e+00, -1.0000e+00, -1.0000e+00,  1.7400e+02,  0.0000e+00],
        [ 1.2400e+02,  1.2300e+02,  0.0000e+00,  0.0000e+00,  0.0000e+00,
          0.0000e+00,  0.0000e+00,  1.5700e+02, -1.0000e+00, -1.0000e+00,
         -1.0000e+00, -1.0000e+00, -1.0000e+00,  1.0200e+02,  4.0960e+03],
        [ 9.3000e+01,  9.2000e+01,  0.0000e+00,  0.0000e+00,  0.0000e+00,
          0.0000e+00,  0.0000e+00,  7.0000e+00, -1.0000e+00, -1.0000e+00,
         -1.0000e+00, -1.0000e+00, -1.0000e+00,  5.6000e+01,  1.0527e+06],
        [ 1.0700e+02,  1.0600e+02,  0.0000e+00,  0.0000e+00,  0.0000e+00,
          0.0000e+00,  0.0000e+00,  1.0800e+02, -1.0000e+00, -1.0000e+00,
         -1.0000e+00, -1.0000e+00, -1.0000e+00,  1.7200e+02,  0.0000e+00],
        [ 1.5700e+02,  1.5600e+02,  0.0000e+00,  0.0000e+00,  0.0000e+00,
          0.0000e+00,  0.0000e+00,  2.0000e+00, -1.0000e+00, -1.0000e+00,
         -1.0000e+00, -1.0000e+00, -1.0000e+00,  1.8400e+02,  8.1920e+03],
        [ 4.6000e+01,  4.5000e+01,  0.0000e+00,  0.0000e+00,  0.0000e+00,
          0.0000e+00,  0.0000e+00,  1.5800e+02, -1.0000e+00, -1.0000e+00,
         -1.0000e+00, -1.0000e+00, -1.0000e+00,  9.0000e+01,  5.8982e+05],
        [ 3.7000e+01,  3.6000e+01,  0.0000e+00,  0.0000e+00,  0.0000e+00,
          0.0000e+00,  0.0000e+00,  4.5000e+01, -1.0000e+00, -1.0000e+00,
         -1.0000e+00, -1.0000e+00, -1.0000e+00,  1.6200e+02,  0.0000e+00],
        [ 8.0000e+01,  7.9000e+01,  0.0000e+00,  0.0000e+00,  0.0000e+00,
          0.0000e+00,  0.0000e+00,  1.2000e+02, -1.0000e+00, -1.0000e+00,
         -1.0000e+00, -1.0000e+00, -1.0000e+00,  4.4000e+01,  2.0480e+03],
        [ 7.8000e+01,  7.7000e+01,  0.0000e+00,  0.0000e+00,  0.0000e+00,
          0.0000e+00,  0.0000e+00,  1.1100e+02, -1.0000e+00, -1.0000e+00,
         -1.0000e+00, -1.0000e+00, -1.0000e+00,  1.5600e+02,  0.0000e+00],
        [ 1.4900e+02,  1.3900e+02,  1.4800e+02,  0.0000e+00,  0.0000e+00,
          0.0000e+00,  0.0000e+00,  1.9000e+01,  1.6000e+02, -1.0000e+00,
         -1.0000e+00, -1.0000e+00, -1.0000e+00,  1.8900e+02,  0.0000e+00],
        [ 5.1000e+01,  5.0000e+01,  0.0000e+00,  0.0000e+00,  0.0000e+00,
          0.0000e+00,  0.0000e+00,  1.7800e+02, -1.0000e+00, -1.0000e+00,
         -1.0000e+00, -1.0000e+00, -1.0000e+00,  5.7000e+01,  8.1920e+03],
        [ 4.5000e+01,  4.4000e+01,  0.0000e+00,  0.0000e+00,  0.0000e+00,
          0.0000e+00,  0.0000e+00,  1.2000e+01, -1.0000e+00, -1.0000e+00,
         -1.0000e+00, -1.0000e+00, -1.0000e+00,  1.5800e+02,  0.0000e+00],
        [ 7.6000e+01,  7.5000e+01,  0.0000e+00,  0.0000e+00,  0.0000e+00,
          0.0000e+00,  0.0000e+00,  1.4000e+01, -1.0000e+00, -1.0000e+00,
         -1.0000e+00, -1.0000e+00, -1.0000e+00,  1.6500e+02,  2.0480e+03],
        [ 3.5000e+01,  3.4000e+01,  0.0000e+00,  0.0000e+00,  0.0000e+00,
          0.0000e+00,  0.0000e+00,  6.7000e+01, -1.0000e+00, -1.0000e+00,
         -1.0000e+00, -1.0000e+00, -1.0000e+00,  3.9000e+01,  1.4746e+05],
        [ 4.0000e+00,  3.0000e+00,  0.0000e+00,  0.0000e+00,  0.0000e+00,
          0.0000e+00,  0.0000e+00,  7.3000e+01, -1.0000e+00, -1.0000e+00,
         -1.0000e+00, -1.0000e+00, -1.0000e+00,  9.3000e+01,  3.7888e+04],
        [ 4.7000e+01,  4.6000e+01,  0.0000e+00,  0.0000e+00,  0.0000e+00,
          0.0000e+00,  0.0000e+00,  9.0000e+01, -1.0000e+00, -1.0000e+00,
         -1.0000e+00, -1.0000e+00, -1.0000e+00,  1.1500e+02,  2.0480e+03],
        [ 1.8400e+02,  1.8300e+02,  0.0000e+00,  0.0000e+00,  0.0000e+00,
          0.0000e+00,  0.0000e+00,  5.3000e+01, -1.0000e+00, -1.0000e+00,
         -1.0000e+00, -1.0000e+00, -1.0000e+00,  1.5900e+02,  0.0000e+00],
        [ 1.5300e+02,  1.5200e+02,  0.0000e+00,  0.0000e+00,  0.0000e+00,
          0.0000e+00,  0.0000e+00,  1.9100e+02, -1.0000e+00, -1.0000e+00,
         -1.0000e+00, -1.0000e+00, -1.0000e+00,  3.3000e+01,  8.1920e+03],
        [ 1.0500e+02,  9.4000e+01,  1.0400e+02,  0.0000e+00,  0.0000e+00,
          0.0000e+00,  0.0000e+00,  1.3700e+02,  1.1000e+02, -1.0000e+00,
         -1.0000e+00, -1.0000e+00, -1.0000e+00,  1.5500e+02,  0.0000e+00],
        [ 1.0000e+02,  9.9000e+01,  0.0000e+00,  0.0000e+00,  0.0000e+00,
          0.0000e+00,  0.0000e+00,  1.7500e+02, -1.0000e+00, -1.0000e+00,
         -1.0000e+00, -1.0000e+00, -1.0000e+00,  3.2000e+01,  0.0000e+00],
        [ 1.4100e+02,  1.4000e+02,  0.0000e+00,  0.0000e+00,  0.0000e+00,
          0.0000e+00,  0.0000e+00,  1.3300e+02, -1.0000e+00, -1.0000e+00,
         -1.0000e+00, -1.0000e+00, -1.0000e+00,  1.6800e+02,  1.0486e+06],
        [ 1.1400e+02,  1.1300e+02,  0.0000e+00,  0.0000e+00,  0.0000e+00,
          0.0000e+00,  0.0000e+00,  1.4200e+02, -1.0000e+00, -1.0000e+00,
         -1.0000e+00, -1.0000e+00, -1.0000e+00,  2.1000e+01,  0.0000e+00],
        [ 3.9000e+01,  2.9000e+01,  3.8000e+01,  0.0000e+00,  0.0000e+00,
          0.0000e+00,  0.0000e+00,  1.4100e+02,  1.8500e+02, -1.0000e+00,
         -1.0000e+00, -1.0000e+00, -1.0000e+00,  2.3000e+01,  0.0000e+00],
        [ 1.5500e+02,  1.5400e+02,  0.0000e+00,  0.0000e+00,  0.0000e+00,
          0.0000e+00,  0.0000e+00,  1.1000e+01, -1.0000e+00, -1.0000e+00,
         -1.0000e+00, -1.0000e+00, -1.0000e+00,  1.5000e+02,  0.0000e+00],
        [ 5.6000e+01,  5.5000e+01,  0.0000e+00,  0.0000e+00,  0.0000e+00,
          0.0000e+00,  0.0000e+00,  1.0000e+00, -1.0000e+00, -1.0000e+00,
         -1.0000e+00, -1.0000e+00, -1.0000e+00,  8.3000e+01,  0.0000e+00],
        [ 3.2000e+01,  3.1000e+01,  0.0000e+00,  0.0000e+00,  0.0000e+00,
          0.0000e+00,  0.0000e+00,  1.6900e+02, -1.0000e+00, -1.0000e+00,
         -1.0000e+00, -1.0000e+00, -1.0000e+00,  8.8000e+01,  1.0240e+03],
        [ 9.0000e+00,  8.0000e+00,  0.0000e+00,  0.0000e+00,  0.0000e+00,
          0.0000e+00,  0.0000e+00,  6.0000e+00, -1.0000e+00, -1.0000e+00,
         -1.0000e+00, -1.0000e+00, -1.0000e+00,  4.0000e+01,  6.6560e+04],
        [ 8.3000e+01,  7.3000e+01,  8.2000e+01,  0.0000e+00,  0.0000e+00,
          0.0000e+00,  0.0000e+00,  1.2100e+02,  1.2400e+02, -1.0000e+00,
         -1.0000e+00, -1.0000e+00, -1.0000e+00,  3.0000e+00,  0.0000e+00],
        [ 1.6200e+02,  1.6100e+02,  0.0000e+00,  0.0000e+00,  0.0000e+00,
          0.0000e+00,  0.0000e+00,  1.1200e+02, -1.0000e+00, -1.0000e+00,
         -1.0000e+00, -1.0000e+00, -1.0000e+00,  1.5100e+02,  0.0000e+00],
        [ 1.1300e+02,  1.1200e+02,  0.0000e+00,  0.0000e+00,  0.0000e+00,
          0.0000e+00,  0.0000e+00,  3.1000e+01, -1.0000e+00, -1.0000e+00,
         -1.0000e+00, -1.0000e+00, -1.0000e+00,  1.4200e+02,  4.0960e+03],
        [ 1.5100e+02,  1.5000e+02,  0.0000e+00,  0.0000e+00,  0.0000e+00,
          0.0000e+00,  0.0000e+00,  6.3000e+01, -1.0000e+00, -1.0000e+00,
         -1.0000e+00, -1.0000e+00, -1.0000e+00,  1.1400e+02,  0.0000e+00],
        [ 1.0200e+02,  1.0100e+02,  0.0000e+00,  0.0000e+00,  0.0000e+00,
          0.0000e+00,  0.0000e+00,  1.7300e+02, -1.0000e+00, -1.0000e+00,
         -1.0000e+00, -1.0000e+00, -1.0000e+00,  1.5300e+02,  4.0960e+03]],
       device='cuda:0')
learning sequence is:
tensor([  2., 116.,  68.,  49.,   5., 129., 179., 145.,   0.,   6., 152.,  31.,
        173., 139.,  29.,  82.,  76., 175.,  53., 143.,  60., 104., 167., 108.,
        113., 178.,  96.,  48.,  65., 163., 160., 164., 109.,  36.,  80.,  99.,
          8.,  45.,  46.,  79.,  62.,  64., 154., 188., 141.,   9.,  54., 103.,
         30., 149., 100., 132.,  91.,  42.,  38.,  17., 182., 169.,  67., 187.,
         74., 127.,  43., 176., 130.,  13., 147.,  28.,  92.,  72.,  24., 106.,
         52.,  73., 181., 107.,  75., 128., 146., 148., 161., 111., 112.,  59.,
        186., 135., 180., 157.,  69., 166.,  50., 190.,  70., 118.,  35., 131.,
         25., 123.,  10.,  41., 171.,  81.,  97.,  47.,  78., 170.,  27., 121.,
         87., 110.,  34.,  12.,  66., 117., 101., 120.,  15.,  18.,  26., 177.,
         71.,  14.,  20.,  19., 119.,  84.,  85., 185.,  94.,  61., 124.,   7.,
         37.,  77.,  16., 138.,  98., 183., 105.,  86., 125.,  55.,   1., 136.,
         58.,  95., 133.,  51.,  22.,   4., 191., 140., 126.,  11.,  63., 137.,
        144., 122., 134.,  89., 174., 102.,  56., 172., 184.,  90., 162.,  44.,
        156., 189.,  57., 158., 165.,  39.,  93., 115., 159.,  33., 155.,  32.,
        168.,  21.,  23., 150.,  83.,  88.,  40.,   3., 151., 142., 114., 153.],
       device='cuda:0')
layer index corresponding:
[('source',), ('model_0_conv3_block2_1_relu',), ('model_0_conv5_block1_2_conv',), ('model_0_conv3_block4_out',), ('model_0_conv4_block2_1_conv',), ('model_0_conv5_block1_3_conv',), ('model_0_conv2_block1_preact_relu',), ('model_0_conv4_block1_2_relu',), ('model_0_conv4_block2_preact_relu',), ('model_0_conv5_block2_2_bn',), ('model_0_conv5_block3_2_relu',), ('model_0_conv5_block1_1_relu',), ('model_0_conv3_block1_1_relu',), ('model_0_conv3_block2_1_bn',), ('model_0_conv3_block4_1_conv',), ('model_0_conv5_block1_2_relu',), ('model_0_conv5_block3_preact_bn',), ('model_0_conv4_block4_1_relu',), ('model_0_conv3_block1_0_conv',), ('model_0_max_pooling2d_16',), ('model_0_conv4_block6_2_relu',), ('model_0_conv4_block3_2_relu',), ('model_0_conv2_block1_preact_bn',), ('model_0_conv2_block3_out',), ('sink',), ('model_0_conv3_block3_out',), ('model_0_conv2_block1_3_conv',), ('model_0_conv4_block4_1_bn',), ('model_0_conv3_block1_3_conv',), ('model_0_input_14',), ('model_0_conv4_block1_1_relu',), ('model_0_conv4_block3_2_conv',), ('model_0_conv4_block2_2_pad',), ('model_0_conv5_block1_1_bn',), ('model_0_conv2_block1_2_bn',), ('model_0_conv2_block2_1_conv',), ('model_0_conv4_block1_preact_bn',), ('model_0_conv4_block5_1_conv',), ('model_0_conv5_block3_2_bn',), ('model_0_conv2_block3_2_conv',), ('model_0_conv2_block1_0_conv',), ('model_0_conv4_block5_2_bn',), ('model_0_conv3_block3_1_conv',), ('model_0_conv4_block5_out',), ('model_0_conv3_block4_2_bn',), ('model_0_conv2_block3_2_bn',), ('model_0_conv5_block2_1_relu',), ('model_0_conv4_block5_1_relu',), ('model_0_conv3_block2_2_bn',), ('model_0_conv5_block1_0_conv',), ('model_0_conv4_block5_preact_relu',), ('model_0_conv3_block1_preact_relu',), ('model_0_conv2_block1_2_conv',), ('model_0_post_bn',), ('model_0_pool1_pool',), ('model_0_conv2_block2_2_pad',), ('model_0_conv4_block1_3_conv',), ('model_0_conv3_block2_preact_bn',), ('model_0_conv3_block4_2_relu',), ('model_0_conv4_block1_preact_relu',), ('model_0_conv4_block5_2_pad',), ('model_0_conv4_block4_preact_bn',), ('model_0_conv2_block1_2_pad',), ('model_0_conv5_block1_preact_bn',), ('model_0_conv4_block2_1_bn',), ('model_0_conv5_block3_1_relu',), ('model_0_conv4_block1_1_conv',), ('model_0_conv2_block3_2_pad',), ('model_0_conv5_block3_2_conv',), ('model_0_conv3_block2_2_relu',), ('model_0_conv3_block3_3_conv',), ('model_0_conv4_block1_0_conv',), ('model_0_conv2_block3_1_relu',), ('model_0_conv1_pad',), ('model_0_conv3_block4_preact_relu',), ('model_0_conv2_block2_2_bn',), ('model_0_conv3_block3_preact_bn',), ('model_0_conv3_block3_preact_relu',), ('model_0_conv3_block1_1_bn',), ('model_0_conv4_block6_2_pad',), ('model_0_conv3_block3_2_relu',), ('model_0_conv2_block1_1_relu',), ('model_0_conv4_block5_1_bn',), ('model_0_conv3_block2_2_pad',), ('model_0_conv2_block3_preact_bn',), ('model_0_conv3_block3_1_bn',), ('model_0_conv2_block1_1_bn',), ('model_0_conv4_block6_preact_bn',), ('model_0_conv2_block3_1_bn',), ('model_0_conv4_block3_3_conv',), ('model_0_conv3_block1_2_conv',), ('model_0_conv5_block3_1_bn',), ('model_0_conv4_block4_2_pad',), ('model_0_conv1_conv',), ('model_0_conv4_block6_2_bn',), ('model_0_conv4_block3_1_conv',), ('model_0_conv4_block4_1_conv',), ('model_0_conv4_block1_2_conv',), ('model_0_conv2_block2_3_conv',), ('model_0_conv4_block4_preact_relu',), ('model_0_conv4_block5_2_relu',), ('model_0_conv3_block1_1_conv',), ('model_0_conv4_block4_2_bn',), ('model_0_conv2_block3_preact_relu',), ('model_0_conv2_block2_2_relu',), ('model_0_conv3_block3_2_bn',), ('model_0_conv5_block2_2_pad',), ('model_0_conv4_block5_2_conv',), ('model_0_conv4_block3_preact_bn',), ('model_0_conv2_block2_preact_bn',), ('model_0_conv4_block2_3_conv',), ('model_0_conv3_block4_1_relu',), ('model_0_conv5_block2_preact_bn',), ('model_0_conv4_block1_2_bn',), ('model_0_conv5_block1_preact_relu',), ('model_0_conv3_block1_2_bn',), ('model_0_conv5_block2_2_conv',), ('model_0_conv3_block1_preact_bn',), ('model_0_conv2_block1_2_relu',), ('model_0_conv4_block5_preact_bn',), ('model_0_conv3_block4_2_conv',), ('model_0_max_pooling2d_15',), ('model_0_conv3_block2_out',), ('model_0_conv4_block1_2_pad',), ('model_0_conv3_block4_3_conv',), ('model_0_conv2_block2_out',), ('model_0_conv5_block3_out',), ('model_0_conv5_block2_2_relu',), ('model_0_conv3_block4_preact_bn',), ('model_0_conv5_block2_3_conv',), ('model_0_conv4_block6_1_relu',), ('model_0_conv3_block1_2_relu',), ('model_0_conv4_block6_1_bn',), ('model_0_conv4_block6_preact_relu',), ('model_0_conv4_block3_out',), ('model_0_conv3_block3_2_pad',), ('model_0_conv3_block3_1_relu',), ('model_0_conv4_block1_out',), ('model_0_conv4_block4_2_relu',), ('model_0_pool1_pad',), ('model_0_conv3_block2_2_conv',), ('model_0_max_pooling2d_14',), ('model_0_conv4_block3_2_bn',), ('model_0_conv5_block2_1_bn',), ('model_0_conv5_block2_out',), ('model_0_conv5_block2_1_conv',), ('model_0_conv4_block3_2_pad',), ('model_0_conv2_block2_1_relu',), ('model_0_conv4_block2_2_relu',), ('model_0_conv3_block2_3_conv',), ('model_0_conv5_block1_2_pad',), ('model_0_conv5_block2_preact_relu',), ('model_0_conv5_block3_1_conv',), ('model_0_conv4_block2_2_bn',), ('model_0_conv2_block1_1_conv',), ('model_0_conv4_block2_out',), ('model_0_conv3_block4_2_pad',), ('model_0_conv4_block4_2_conv',), ('model_0_conv3_block1_2_pad',), ('model_0_post_relu',), ('model_0_conv4_block6_3_conv',), ('model_0_conv4_block2_preact_bn',), ('model_0_conv2_block3_2_relu',), ('model_0_conv2_block1_out',), ('model_0_conv4_block3_1_relu',), ('model_0_conv3_block4_1_bn',), ('model_0_conv4_block1_1_bn',), ('model_0_conv3_block3_2_conv',), ('model_0_conv4_block6_1_conv',), ('model_0_conv2_block3_1_conv',), ('model_0_conv5_block3_preact_relu',), ('model_0_conv2_block2_2_conv',), ('model_0_conv4_block3_preact_relu',), ('model_0_conv4_block2_2_conv',), ('model_0_conv5_block1_out',), ('model_0_conv4_block2_1_relu',), ('model_0_conv4_block4_3_conv',), ('model_0_conv4_block3_1_bn',), ('model_0_conv3_block1_out',), ('model_0_conv5_block3_3_conv',), ('model_0_conv3_block2_1_conv',), ('model_0_conv4_block6_2_conv',), ('model_0_conv5_block3_2_pad',), ('model_0_conv4_block4_out',), ('model_0_conv5_block1_2_bn',), ('model_0_conv2_block3_3_conv',), ('model_0_conv3_block2_preact_relu',), ('model_0_conv2_block2_preact_relu',), ('model_0_conv2_block2_1_bn',), ('model_0_conv4_block6_out',), ('model_0_conv4_block5_3_conv',), ('model_0_conv5_block1_1_conv',)]
end
