learning dataset is:
tensor([[ 1.6000e+01,  1.5000e+01,  0.0000e+00,  0.0000e+00,  0.0000e+00,
          0.0000e+00,  0.0000e+00,  3.0000e+00, -1.0000e+00, -1.0000e+00,
         -1.0000e+00, -1.0000e+00, -1.0000e+00,  1.0000e+00,  9.4392e+06],
        [ 3.0000e+00,  2.0000e+00,  0.0000e+00,  0.0000e+00,  0.0000e+00,
          0.0000e+00,  0.0000e+00,  2.2000e+01, -1.0000e+00, -1.0000e+00,
         -1.0000e+00, -1.0000e+00, -1.0000e+00,  4.0000e+00,  7.1680e+03],
        [ 4.0000e+00,  3.0000e+00,  0.0000e+00,  0.0000e+00,  0.0000e+00,
          0.0000e+00,  0.0000e+00,  4.0000e+00, -1.0000e+00, -1.0000e+00,
         -1.0000e+00, -1.0000e+00, -1.0000e+00,  1.2000e+01,  1.4771e+05],
        [ 6.0000e+00,  5.0000e+00,  0.0000e+00,  0.0000e+00,  0.0000e+00,
          0.0000e+00,  0.0000e+00,  2.3000e+01, -1.0000e+00, -1.0000e+00,
         -1.0000e+00, -1.0000e+00, -1.0000e+00,  1.6000e+01,  2.9542e+05],
        [ 1.0000e+00,  0.0000e+00,  0.0000e+00,  0.0000e+00,  0.0000e+00,
          0.0000e+00,  0.0000e+00, -1.0000e+00, -1.0000e+00, -1.0000e+00,
         -1.0000e+00, -1.0000e+00, -1.0000e+00,  7.0000e+00,  0.0000e+00],
        [ 1.3000e+01,  1.2000e+01,  0.0000e+00,  0.0000e+00,  0.0000e+00,
          0.0000e+00,  0.0000e+00,  1.3000e+01, -1.0000e+00, -1.0000e+00,
         -1.0000e+00, -1.0000e+00, -1.0000e+00,  9.0000e+00,  0.0000e+00],
        [ 7.0000e+00,  6.0000e+00,  0.0000e+00,  0.0000e+00,  0.0000e+00,
          0.0000e+00,  0.0000e+00,  1.6000e+01, -1.0000e+00, -1.0000e+00,
         -1.0000e+00, -1.0000e+00, -1.0000e+00,  1.7000e+01,  5.9034e+05],
        [ 1.9000e+01,  1.8000e+01,  0.0000e+00,  0.0000e+00,  0.0000e+00,
          0.0000e+00,  0.0000e+00,  0.0000e+00, -1.0000e+00, -1.0000e+00,
         -1.0000e+00, -1.0000e+00, -1.0000e+00,  6.0000e+00,  9.4392e+06],
        [ 2.1000e+01,  2.0000e+01,  0.0000e+00,  0.0000e+00,  0.0000e+00,
          0.0000e+00,  0.0000e+00,  5.0000e+00, -1.0000e+00, -1.0000e+00,
         -1.0000e+00, -1.0000e+00, -1.0000e+00,  1.4000e+01,  9.4392e+06],
        [ 2.2000e+01,  2.1000e+01,  0.0000e+00,  0.0000e+00,  0.0000e+00,
          0.0000e+00,  0.0000e+00,  1.4000e+01, -1.0000e+00, -1.0000e+00,
         -1.0000e+00, -1.0000e+00, -1.0000e+00,  8.0000e+00,  9.4392e+06],
        [ 2.0000e+01,  1.9000e+01,  0.0000e+00,  0.0000e+00,  0.0000e+00,
          0.0000e+00,  0.0000e+00,  6.0000e+00, -1.0000e+00, -1.0000e+00,
         -1.0000e+00, -1.0000e+00, -1.0000e+00,  5.0000e+00,  9.4392e+06],
        [ 1.7000e+01,  1.6000e+01,  0.0000e+00,  0.0000e+00,  0.0000e+00,
          0.0000e+00,  0.0000e+00,  1.0000e+00, -1.0000e+00, -1.0000e+00,
         -1.0000e+00, -1.0000e+00, -1.0000e+00,  1.0000e+01,  9.4392e+06],
        [ 9.0000e+00,  8.0000e+00,  0.0000e+00,  0.0000e+00,  0.0000e+00,
          0.0000e+00,  0.0000e+00,  1.1000e+01, -1.0000e+00, -1.0000e+00,
         -1.0000e+00, -1.0000e+00, -1.0000e+00,  2.0000e+00,  1.1807e+06],
        [ 1.1000e+01,  1.0000e+01,  0.0000e+00,  0.0000e+00,  0.0000e+00,
          0.0000e+00,  0.0000e+00,  1.9000e+01, -1.0000e+00, -1.0000e+00,
         -1.0000e+00, -1.0000e+00, -1.0000e+00,  2.0000e+01,  2.3603e+06],
        [ 1.0000e+01,  9.0000e+00,  0.0000e+00,  0.0000e+00,  0.0000e+00,
          0.0000e+00,  0.0000e+00,  2.0000e+00, -1.0000e+00, -1.0000e+00,
         -1.0000e+00, -1.0000e+00, -1.0000e+00,  1.9000e+01,  2.3603e+06],
        [ 1.4000e+01,  1.3000e+01,  0.0000e+00,  0.0000e+00,  0.0000e+00,
          0.0000e+00,  0.0000e+00,  9.0000e+00, -1.0000e+00, -1.0000e+00,
         -1.0000e+00, -1.0000e+00, -1.0000e+00,  1.5000e+01,  4.7206e+06],
        [ 1.2000e+01,  1.1000e+01,  0.0000e+00,  0.0000e+00,  0.0000e+00,
          0.0000e+00,  0.0000e+00,  2.0000e+01, -1.0000e+00, -1.0000e+00,
         -1.0000e+00, -1.0000e+00, -1.0000e+00,  1.3000e+01,  2.3603e+06],
        [ 2.4000e+01,  2.3000e+01,  0.0000e+00,  0.0000e+00,  0.0000e+00,
          0.0000e+00,  0.0000e+00,  2.1000e+01, -1.0000e+00, -1.0000e+00,
         -1.0000e+00, -1.0000e+00, -1.0000e+00,  1.8000e+01,  0.0000e+00],
        [ 8.0000e+00,  7.0000e+00,  0.0000e+00,  0.0000e+00,  0.0000e+00,
          0.0000e+00,  0.0000e+00,  1.7000e+01, -1.0000e+00, -1.0000e+00,
         -1.0000e+00, -1.0000e+00, -1.0000e+00,  1.1000e+01,  0.0000e+00],
        [ 5.0000e+00,  4.0000e+00,  0.0000e+00,  0.0000e+00,  0.0000e+00,
          0.0000e+00,  0.0000e+00,  1.2000e+01, -1.0000e+00, -1.0000e+00,
         -1.0000e+00, -1.0000e+00, -1.0000e+00,  2.3000e+01,  0.0000e+00],
        [ 1.8000e+01,  1.7000e+01,  0.0000e+00,  0.0000e+00,  0.0000e+00,
          0.0000e+00,  0.0000e+00,  1.0000e+01, -1.0000e+00, -1.0000e+00,
         -1.0000e+00, -1.0000e+00, -1.0000e+00,  0.0000e+00,  0.0000e+00],
        [ 2.0000e+00,  1.0000e+00,  0.0000e+00,  0.0000e+00,  0.0000e+00,
          0.0000e+00,  0.0000e+00,  7.0000e+00, -1.0000e+00, -1.0000e+00,
         -1.0000e+00, -1.0000e+00, -1.0000e+00,  2.2000e+01,  0.0000e+00],
        [ 2.3000e+01,  2.2000e+01,  0.0000e+00,  0.0000e+00,  0.0000e+00,
          0.0000e+00,  0.0000e+00,  8.0000e+00, -1.0000e+00, -1.0000e+00,
         -1.0000e+00, -1.0000e+00, -1.0000e+00,  2.1000e+01,  0.0000e+00],
        [ 1.5000e+01,  1.4000e+01,  0.0000e+00,  0.0000e+00,  0.0000e+00,
          0.0000e+00,  0.0000e+00,  1.5000e+01, -1.0000e+00, -1.0000e+00,
         -1.0000e+00, -1.0000e+00, -1.0000e+00,  3.0000e+00,  9.4392e+06]],
       device='cuda:0')
learning sequence is:
tensor([ 1.,  4., 12., 16.,  7.,  9., 17.,  6., 14.,  8.,  5., 10.,  2., 20.,
        19., 15., 13., 18., 11., 23.,  0., 22., 21.,  3.], device='cuda:0')
layer index corresponding:
[('model_0_block4_pool',), ('model_0_block4_conv3',), ('model_0_block3_conv1',), ('model_0_block4_conv2',), ('model_0_block1_conv1',), ('model_0_block5_conv2',), ('model_0_block5_conv1',), ('source',), ('model_0_block5_conv4',), ('model_0_block3_pool',), ('model_0_block4_conv4',), ('model_0_block2_pool',), ('model_0_block1_conv2',), ('model_0_block3_conv4',), ('model_0_block5_conv3',), ('model_0_block4_conv1',), ('model_0_block2_conv1',), ('model_0_block2_conv2',), ('sink',), ('model_0_block3_conv2',), ('model_0_block3_conv3',), ('model_0_block5_pool',), ('model_0_input_1',), ('model_0_block1_pool',)]
end
