learning dataset is:
tensor([[ 1.0000e+01,  9.0000e+00,  0.0000e+00,  0.0000e+00,  0.0000e+00,
          0.0000e+00,  0.0000e+00,  1.3300e+02, -1.0000e+00, -1.0000e+00,
         -1.0000e+00, -1.0000e+00, -1.0000e+00,  8.2000e+01,  2.5600e+02],
        [ 4.0000e+00,  3.0000e+00,  0.0000e+00,  0.0000e+00,  0.0000e+00,
          0.0000e+00,  0.0000e+00,  5.4000e+01, -1.0000e+00, -1.0000e+00,
         -1.0000e+00, -1.0000e+00, -1.0000e+00,  1.3100e+02,  5.1200e+02],
        [ 7.0000e+00,  6.0000e+00,  0.0000e+00,  0.0000e+00,  0.0000e+00,
          0.0000e+00,  0.0000e+00,  3.7000e+01, -1.0000e+00, -1.0000e+00,
         -1.0000e+00, -1.0000e+00, -1.0000e+00,  1.0400e+02,  5.1200e+02],
        [ 1.9000e+01,  1.8000e+01,  0.0000e+00,  0.0000e+00,  0.0000e+00,
          0.0000e+00,  0.0000e+00,  6.8000e+01, -1.0000e+00, -1.0000e+00,
         -1.0000e+00, -1.0000e+00, -1.0000e+00,  1.1100e+02,  3.8400e+02],
        [ 2.7000e+01,  2.6000e+01,  0.0000e+00,  0.0000e+00,  0.0000e+00,
          0.0000e+00,  0.0000e+00,  1.5200e+02, -1.0000e+00, -1.0000e+00,
         -1.0000e+00, -1.0000e+00, -1.0000e+00,  1.3200e+02,  3.8400e+02],
        [ 6.0000e+00,  5.0000e+00,  0.0000e+00,  0.0000e+00,  0.0000e+00,
          0.0000e+00,  0.0000e+00,  1.4900e+02, -1.0000e+00, -1.0000e+00,
         -1.0000e+00, -1.0000e+00, -1.0000e+00,  3.7000e+01,  1.1520e+03],
        [ 1.2000e+01,  1.1000e+01,  0.0000e+00,  0.0000e+00,  0.0000e+00,
          0.0000e+00,  0.0000e+00,  8.8000e+01, -1.0000e+00, -1.0000e+00,
         -1.0000e+00, -1.0000e+00, -1.0000e+00,  2.0000e+01,  1.5360e+03],
        [ 3.7000e+01,  3.6000e+01,  0.0000e+00,  0.0000e+00,  0.0000e+00,
          0.0000e+00,  0.0000e+00,  3.6000e+01, -1.0000e+00, -1.0000e+00,
         -1.0000e+00, -1.0000e+00, -1.0000e+00,  8.1000e+01,  5.1200e+02],
        [ 1.6000e+01,  1.5000e+01,  0.0000e+00,  0.0000e+00,  0.0000e+00,
          0.0000e+00,  0.0000e+00,  1.7000e+01, -1.0000e+00, -1.0000e+00,
         -1.0000e+00, -1.0000e+00, -1.0000e+00,  9.1000e+01,  1.5360e+03],
        [ 9.0000e+00,  8.0000e+00,  0.0000e+00,  0.0000e+00,  0.0000e+00,
          0.0000e+00,  0.0000e+00,  9.7000e+01, -1.0000e+00, -1.0000e+00,
         -1.0000e+00, -1.0000e+00, -1.0000e+00,  1.3300e+02,  2.0480e+03],
        [ 3.0000e+00,  2.0000e+00,  0.0000e+00,  0.0000e+00,  0.0000e+00,
          0.0000e+00,  0.0000e+00,  1.0900e+02, -1.0000e+00, -1.0000e+00,
         -1.0000e+00, -1.0000e+00, -1.0000e+00,  5.4000e+01,  3.4560e+03],
        [ 2.1000e+01,  2.0000e+01,  0.0000e+00,  0.0000e+00,  0.0000e+00,
          0.0000e+00,  0.0000e+00,  5.9000e+01, -1.0000e+00, -1.0000e+00,
         -1.0000e+00, -1.0000e+00, -1.0000e+00,  1.8000e+01,  2.3040e+03],
        [ 2.4000e+01,  2.3000e+01,  0.0000e+00,  0.0000e+00,  0.0000e+00,
          0.0000e+00,  0.0000e+00,  1.1400e+02, -1.0000e+00, -1.0000e+00,
         -1.0000e+00, -1.0000e+00, -1.0000e+00,  2.0000e+00,  2.3040e+03],
        [ 1.5000e+01,  1.4000e+01,  0.0000e+00,  0.0000e+00,  0.0000e+00,
          0.0000e+00,  0.0000e+00,  7.9000e+01, -1.0000e+00, -1.0000e+00,
         -1.0000e+00, -1.0000e+00, -1.0000e+00,  1.7000e+01,  3.4560e+03],
        [ 3.0000e+01,  2.9000e+01,  0.0000e+00,  0.0000e+00,  0.0000e+00,
          0.0000e+00,  0.0000e+00,  7.2000e+01, -1.0000e+00, -1.0000e+00,
         -1.0000e+00, -1.0000e+00, -1.0000e+00,  8.0000e+01,  2.3040e+03],
        [ 1.1000e+01,  1.0000e+01,  0.0000e+00,  0.0000e+00,  0.0000e+00,
          0.0000e+00,  0.0000e+00,  8.2000e+01, -1.0000e+00, -1.0000e+00,
         -1.0000e+00, -1.0000e+00, -1.0000e+00,  8.8000e+01,  6.1440e+03],
        [ 3.4000e+01,  3.3000e+01,  0.0000e+00,  0.0000e+00,  0.0000e+00,
          0.0000e+00,  0.0000e+00,  1.1900e+02, -1.0000e+00, -1.0000e+00,
         -1.0000e+00, -1.0000e+00, -1.0000e+00,  6.0000e+00,  2.3040e+03],
        [ 2.3000e+01,  2.2000e+01,  0.0000e+00,  0.0000e+00,  0.0000e+00,
          0.0000e+00,  0.0000e+00,  7.1000e+01, -1.0000e+00, -1.0000e+00,
         -1.0000e+00, -1.0000e+00, -1.0000e+00,  1.1400e+02,  5.1840e+03],
        [ 4.5000e+01,  4.4000e+01,  0.0000e+00,  0.0000e+00,  0.0000e+00,
          0.0000e+00,  0.0000e+00,  1.5000e+02, -1.0000e+00, -1.0000e+00,
         -1.0000e+00, -1.0000e+00, -1.0000e+00,  1.2100e+02,  5.1200e+02],
        [ 1.8000e+01,  1.7000e+01,  0.0000e+00,  0.0000e+00,  0.0000e+00,
          0.0000e+00,  0.0000e+00,  1.1200e+02, -1.0000e+00, -1.0000e+00,
         -1.0000e+00, -1.0000e+00, -1.0000e+00,  6.8000e+01,  9.2160e+03],
        [ 3.3000e+01,  3.2000e+01,  0.0000e+00,  0.0000e+00,  0.0000e+00,
          0.0000e+00,  0.0000e+00,  6.5000e+01, -1.0000e+00, -1.0000e+00,
         -1.0000e+00, -1.0000e+00, -1.0000e+00,  1.1900e+02,  5.1840e+03],
        [ 3.9000e+01,  3.8000e+01,  0.0000e+00,  0.0000e+00,  0.0000e+00,
          0.0000e+00,  0.0000e+00,  8.3000e+01, -1.0000e+00, -1.0000e+00,
         -1.0000e+00, -1.0000e+00, -1.0000e+00,  1.2500e+02,  3.0720e+03],
        [ 2.0000e+01,  1.9000e+01,  0.0000e+00,  0.0000e+00,  0.0000e+00,
          0.0000e+00,  0.0000e+00,  1.1100e+02, -1.0000e+00, -1.0000e+00,
         -1.0000e+00, -1.0000e+00, -1.0000e+00,  5.9000e+01,  1.3824e+04],
        [ 2.6000e+01,  2.5000e+01,  0.0000e+00,  0.0000e+00,  0.0000e+00,
          0.0000e+00,  0.0000e+00,  3.1000e+01, -1.0000e+00, -1.0000e+00,
         -1.0000e+00, -1.0000e+00, -1.0000e+00,  1.5200e+02,  1.3824e+04],
        [ 2.9000e+01,  2.8000e+01,  0.0000e+00,  0.0000e+00,  0.0000e+00,
          0.0000e+00,  0.0000e+00,  1.0600e+02, -1.0000e+00, -1.0000e+00,
         -1.0000e+00, -1.0000e+00, -1.0000e+00,  7.2000e+01,  1.3824e+04],
        [ 4.2000e+01,  4.1000e+01,  0.0000e+00,  0.0000e+00,  0.0000e+00,
          0.0000e+00,  0.0000e+00,  6.2000e+01, -1.0000e+00, -1.0000e+00,
         -1.0000e+00, -1.0000e+00, -1.0000e+00,  7.7000e+01,  3.0720e+03],
        [ 3.6000e+01,  3.5000e+01,  0.0000e+00,  0.0000e+00,  0.0000e+00,
          0.0000e+00,  0.0000e+00,  1.4500e+02, -1.0000e+00, -1.0000e+00,
         -1.0000e+00, -1.0000e+00, -1.0000e+00,  3.6000e+01,  1.8432e+04],
        [ 4.1000e+01,  4.0000e+01,  0.0000e+00,  0.0000e+00,  0.0000e+00,
          0.0000e+00,  0.0000e+00,  2.1000e+01, -1.0000e+00, -1.0000e+00,
         -1.0000e+00, -1.0000e+00, -1.0000e+00,  6.2000e+01,  6.9120e+03],
        [ 3.8000e+01,  3.7000e+01,  0.0000e+00,  0.0000e+00,  0.0000e+00,
          0.0000e+00,  0.0000e+00,  8.1000e+01, -1.0000e+00, -1.0000e+00,
         -1.0000e+00, -1.0000e+00, -1.0000e+00,  8.3000e+01,  2.4576e+04],
        [ 4.4000e+01,  4.3000e+01,  0.0000e+00,  0.0000e+00,  0.0000e+00,
          0.0000e+00,  0.0000e+00,  1.4300e+02, -1.0000e+00, -1.0000e+00,
         -1.0000e+00, -1.0000e+00, -1.0000e+00,  1.5000e+02,  2.4576e+04],
        [ 4.7000e+01,  4.6000e+01,  0.0000e+00,  0.0000e+00,  0.0000e+00,
          0.0000e+00,  0.0000e+00,  1.0200e+02, -1.0000e+00, -1.0000e+00,
         -1.0000e+00, -1.0000e+00, -1.0000e+00,  6.0000e+01,  2.4576e+04],
        [ 1.5100e+02,  1.5000e+02,  0.0000e+00,  0.0000e+00,  0.0000e+00,
          0.0000e+00,  0.0000e+00,  1.4000e+01, -1.0000e+00, -1.0000e+00,
         -1.0000e+00, -1.0000e+00, -1.0000e+00,  1.4600e+02,  1.2288e+06],
        [ 1.5300e+02,  1.5200e+02,  0.0000e+00,  0.0000e+00,  0.0000e+00,
          0.0000e+00,  0.0000e+00,  1.3000e+01, -1.0000e+00, -1.0000e+00,
         -1.0000e+00, -1.0000e+00, -1.0000e+00,  4.6000e+01,  1.6384e+06],
        [ 1.2700e+02,  1.2600e+02,  0.0000e+00,  0.0000e+00,  0.0000e+00,
          0.0000e+00,  0.0000e+00,  1.2300e+02, -1.0000e+00, -1.0000e+00,
         -1.0000e+00, -1.0000e+00, -1.0000e+00,  1.3600e+02,  6.1440e+05],
        [ 1.4500e+02,  1.4400e+02,  0.0000e+00,  0.0000e+00,  0.0000e+00,
          0.0000e+00,  0.0000e+00,  5.8000e+01, -1.0000e+00, -1.0000e+00,
         -1.0000e+00, -1.0000e+00, -1.0000e+00,  1.0000e+01,  6.1440e+05],
        [ 1.4200e+02,  1.4100e+02,  0.0000e+00,  0.0000e+00,  0.0000e+00,
          0.0000e+00,  0.0000e+00,  3.3000e+01, -1.0000e+00, -1.0000e+00,
         -1.0000e+00, -1.0000e+00, -1.0000e+00,  1.1500e+02,  6.1440e+05],
        [ 1.3600e+02,  1.3500e+02,  0.0000e+00,  0.0000e+00,  0.0000e+00,
          0.0000e+00,  0.0000e+00,  5.6000e+01, -1.0000e+00, -1.0000e+00,
         -1.0000e+00, -1.0000e+00, -1.0000e+00,  1.0500e+02,  6.1440e+05],
        [ 1.3300e+02,  1.3200e+02,  0.0000e+00,  0.0000e+00,  0.0000e+00,
          0.0000e+00,  0.0000e+00,  1.1000e+02, -1.0000e+00, -1.0000e+00,
         -1.0000e+00, -1.0000e+00, -1.0000e+00,  6.1000e+01,  6.1440e+05],
        [ 6.3000e+01,  6.2000e+01,  0.0000e+00,  0.0000e+00,  0.0000e+00,
          0.0000e+00,  0.0000e+00,  1.5000e+01, -1.0000e+00, -1.0000e+00,
         -1.0000e+00, -1.0000e+00, -1.0000e+00,  4.0000e+01,  4.9152e+04],
        [ 1.1800e+02,  1.1700e+02,  0.0000e+00,  0.0000e+00,  0.0000e+00,
          0.0000e+00,  0.0000e+00,  9.4000e+01, -1.0000e+00, -1.0000e+00,
         -1.0000e+00, -1.0000e+00, -1.0000e+00,  7.4000e+01,  2.2118e+05],
        [ 1.2500e+02,  1.2400e+02,  0.0000e+00,  0.0000e+00,  0.0000e+00,
          0.0000e+00,  0.0000e+00,  1.2600e+02, -1.0000e+00, -1.0000e+00,
         -1.0000e+00, -1.0000e+00, -1.0000e+00,  2.5000e+01,  3.6864e+05],
        [ 1.0000e+02,  9.9000e+01,  0.0000e+00,  0.0000e+00,  0.0000e+00,
          0.0000e+00,  0.0000e+00,  9.5000e+01, -1.0000e+00, -1.0000e+00,
         -1.0000e+00, -1.0000e+00, -1.0000e+00,  6.4000e+01,  2.2118e+05],
        [ 8.0000e+01,  7.9000e+01,  0.0000e+00,  0.0000e+00,  0.0000e+00,
          0.0000e+00,  0.0000e+00,  4.7000e+01, -1.0000e+00, -1.0000e+00,
         -1.0000e+00, -1.0000e+00, -1.0000e+00,  5.2000e+01,  9.8304e+04],
        [ 9.8000e+01,  9.7000e+01,  0.0000e+00,  0.0000e+00,  0.0000e+00,
          0.0000e+00,  0.0000e+00,  7.8000e+01, -1.0000e+00, -1.0000e+00,
         -1.0000e+00, -1.0000e+00, -1.0000e+00,  9.9000e+01,  1.4746e+05],
        [ 7.4000e+01,  7.3000e+01,  0.0000e+00,  0.0000e+00,  0.0000e+00,
          0.0000e+00,  0.0000e+00,  4.3000e+01, -1.0000e+00, -1.0000e+00,
         -1.0000e+00, -1.0000e+00, -1.0000e+00,  7.6000e+01,  9.8304e+04],
        [ 8.3000e+01,  8.2000e+01,  0.0000e+00,  0.0000e+00,  0.0000e+00,
          0.0000e+00,  0.0000e+00,  1.5500e+02, -1.0000e+00, -1.0000e+00,
         -1.0000e+00, -1.0000e+00, -1.0000e+00,  1.0000e+02,  9.8304e+04],
        [ 6.8000e+01,  6.7000e+01,  0.0000e+00,  0.0000e+00,  0.0000e+00,
          0.0000e+00,  0.0000e+00,  1.1800e+02, -1.0000e+00, -1.0000e+00,
         -1.0000e+00, -1.0000e+00, -1.0000e+00,  2.2000e+01,  1.3824e+04],
        [ 1.0600e+02,  1.0500e+02,  0.0000e+00,  0.0000e+00,  0.0000e+00,
          0.0000e+00,  0.0000e+00,  5.3000e+01, -1.0000e+00, -1.0000e+00,
         -1.0000e+00, -1.0000e+00, -1.0000e+00,  1.4100e+02,  2.2118e+05],
        [ 8.9000e+01,  8.8000e+01,  0.0000e+00,  0.0000e+00,  0.0000e+00,
          0.0000e+00,  0.0000e+00,  1.1000e+01, -1.0000e+00, -1.0000e+00,
         -1.0000e+00, -1.0000e+00, -1.0000e+00,  4.2000e+01,  9.8304e+04],
        [ 1.3900e+02,  1.3800e+02,  0.0000e+00,  0.0000e+00,  0.0000e+00,
          0.0000e+00,  0.0000e+00,  5.5000e+01, -1.0000e+00, -1.0000e+00,
         -1.0000e+00, -1.0000e+00, -1.0000e+00,  5.0000e+01,  3.4560e+04],
        [ 9.6000e+01,  9.5000e+01,  0.0000e+00,  0.0000e+00,  0.0000e+00,
          0.0000e+00,  0.0000e+00,  3.5000e+01, -1.0000e+00, -1.0000e+00,
         -1.0000e+00, -1.0000e+00, -1.0000e+00,  8.5000e+01,  6.1440e+03],
        [ 1.3000e+02,  1.2900e+02,  0.0000e+00,  0.0000e+00,  0.0000e+00,
          0.0000e+00,  0.0000e+00,  4.5000e+01, -1.0000e+00, -1.0000e+00,
         -1.0000e+00, -1.0000e+00, -1.0000e+00,  2.4000e+01,  3.4560e+04],
        [ 9.3000e+01,  9.2000e+01,  0.0000e+00,  0.0000e+00,  0.0000e+00,
          0.0000e+00,  0.0000e+00,  1.3500e+02, -1.0000e+00, -1.0000e+00,
         -1.0000e+00, -1.0000e+00, -1.0000e+00,  1.5100e+02,  6.1440e+03],
        [ 8.7000e+01,  8.6000e+01,  0.0000e+00,  0.0000e+00,  0.0000e+00,
          0.0000e+00,  0.0000e+00,  3.4000e+01, -1.0000e+00, -1.0000e+00,
         -1.0000e+00, -1.0000e+00, -1.0000e+00,  1.4400e+02,  6.1440e+03],
        [ 1.4100e+02,  1.4000e+02,  0.0000e+00,  0.0000e+00,  0.0000e+00,
          0.0000e+00,  0.0000e+00,  2.9000e+01, -1.0000e+00, -1.0000e+00,
         -1.0000e+00, -1.0000e+00, -1.0000e+00,  3.3000e+01,  0.0000e+00],
        [ 5.0000e+01,  4.9000e+01,  0.0000e+00,  0.0000e+00,  0.0000e+00,
          0.0000e+00,  0.0000e+00,  6.9000e+01, -1.0000e+00, -1.0000e+00,
         -1.0000e+00, -1.0000e+00, -1.0000e+00,  1.4200e+02,  6.9120e+03],
        [ 1.3800e+02,  1.3700e+02,  0.0000e+00,  0.0000e+00,  0.0000e+00,
          0.0000e+00,  0.0000e+00,  2.8000e+01, -1.0000e+00, -1.0000e+00,
         -1.0000e+00, -1.0000e+00, -1.0000e+00,  5.5000e+01,  0.0000e+00],
        [ 7.5000e+01,  7.4000e+01,  0.0000e+00,  0.0000e+00,  0.0000e+00,
          0.0000e+00,  0.0000e+00,  7.6000e+01, -1.0000e+00, -1.0000e+00,
         -1.0000e+00, -1.0000e+00, -1.0000e+00,  4.4000e+01,  6.1440e+03],
        [ 9.2000e+01,  9.1000e+01,  0.0000e+00,  0.0000e+00,  0.0000e+00,
          0.0000e+00,  0.0000e+00,  1.5300e+02, -1.0000e+00, -1.0000e+00,
         -1.0000e+00, -1.0000e+00, -1.0000e+00,  1.3500e+02,  9.8304e+04],
        [ 8.4000e+01,  8.3000e+01,  0.0000e+00,  0.0000e+00,  0.0000e+00,
          0.0000e+00,  0.0000e+00,  1.0000e+02, -1.0000e+00, -1.0000e+00,
         -1.0000e+00, -1.0000e+00, -1.0000e+00,  1.1700e+02,  6.1440e+03],
        [ 1.1000e+02,  1.0900e+02,  0.0000e+00,  0.0000e+00,  0.0000e+00,
          0.0000e+00,  0.0000e+00,  1.2000e+02, -1.0000e+00, -1.0000e+00,
         -1.0000e+00, -1.0000e+00, -1.0000e+00,  1.3000e+02,  9.2160e+03],
        [ 1.0800e+02,  9.9000e+01,  1.0700e+02,  0.0000e+00,  0.0000e+00,
          0.0000e+00,  0.0000e+00,  9.5000e+01,  1.1600e+02, -1.0000e+00,
         -1.0000e+00, -1.0000e+00, -1.0000e+00,  1.9000e+01,  0.0000e+00],
        [ 7.0000e+01,  6.9000e+01,  0.0000e+00,  0.0000e+00,  0.0000e+00,
          0.0000e+00,  0.0000e+00,  0.0000e+00, -1.0000e+00, -1.0000e+00,
         -1.0000e+00, -1.0000e+00, -1.0000e+00,  5.0000e+00,  0.0000e+00],
        [ 1.2400e+02,  1.2300e+02,  0.0000e+00,  0.0000e+00,  0.0000e+00,
          0.0000e+00,  0.0000e+00,  4.0000e+00, -1.0000e+00, -1.0000e+00,
         -1.0000e+00, -1.0000e+00, -1.0000e+00,  1.2600e+02,  0.0000e+00],
        [ 7.2000e+01,  7.1000e+01,  0.0000e+00,  0.0000e+00,  0.0000e+00,
          0.0000e+00,  0.0000e+00,  1.3700e+02, -1.0000e+00, -1.0000e+00,
         -1.0000e+00, -1.0000e+00, -1.0000e+00,  1.2000e+01,  1.0240e+03],
        [ 1.2300e+02,  1.2200e+02,  0.0000e+00,  0.0000e+00,  0.0000e+00,
          0.0000e+00,  0.0000e+00,  1.0700e+02, -1.0000e+00, -1.0000e+00,
         -1.0000e+00, -1.0000e+00, -1.0000e+00,  4.0000e+00,  9.2160e+03],
        [ 5.9000e+01,  5.8000e+01,  0.0000e+00,  0.0000e+00,  0.0000e+00,
          0.0000e+00,  0.0000e+00,  7.0000e+01, -1.0000e+00, -1.0000e+00,
         -1.0000e+00, -1.0000e+00, -1.0000e+00,  1.2200e+02,  0.0000e+00],
        [ 8.8000e+01,  8.7000e+01,  0.0000e+00,  0.0000e+00,  0.0000e+00,
          0.0000e+00,  0.0000e+00,  1.4400e+02, -1.0000e+00, -1.0000e+00,
         -1.0000e+00, -1.0000e+00, -1.0000e+00,  1.1000e+01,  0.0000e+00],
        [ 1.5400e+02,  1.5300e+02,  0.0000e+00,  0.0000e+00,  0.0000e+00,
          0.0000e+00,  0.0000e+00,  4.6000e+01, -1.0000e+00, -1.0000e+00,
         -1.0000e+00, -1.0000e+00, -1.0000e+00,  1.2800e+02,  2.0480e+04],
        [ 1.4700e+02,  1.4600e+02,  0.0000e+00,  0.0000e+00,  0.0000e+00,
          0.0000e+00,  0.0000e+00,  6.3000e+01, -1.0000e+00, -1.0000e+00,
         -1.0000e+00, -1.0000e+00, -1.0000e+00,  6.7000e+01,  0.0000e+00],
        [ 9.4000e+01,  9.3000e+01,  0.0000e+00,  0.0000e+00,  0.0000e+00,
          0.0000e+00,  0.0000e+00,  1.5100e+02, -1.0000e+00, -1.0000e+00,
         -1.0000e+00, -1.0000e+00, -1.0000e+00,  9.2000e+01,  0.0000e+00],
        [ 5.4000e+01,  5.3000e+01,  0.0000e+00,  0.0000e+00,  0.0000e+00,
          0.0000e+00,  0.0000e+00,  7.5000e+01, -1.0000e+00, -1.0000e+00,
         -1.0000e+00, -1.0000e+00, -1.0000e+00,  9.0000e+01,  5.1200e+02],
        [ 1.3200e+02,  1.3100e+02,  0.0000e+00,  0.0000e+00,  0.0000e+00,
          0.0000e+00,  0.0000e+00,  8.6000e+01, -1.0000e+00, -1.0000e+00,
         -1.0000e+00, -1.0000e+00, -1.0000e+00,  1.1000e+02,  0.0000e+00],
        [ 5.2000e+01,  5.1000e+01,  0.0000e+00,  0.0000e+00,  0.0000e+00,
          0.0000e+00,  0.0000e+00,  3.8000e+01, -1.0000e+00, -1.0000e+00,
         -1.0000e+00, -1.0000e+00, -1.0000e+00,  1.4000e+02,  0.0000e+00],
        [ 1.5200e+02,  1.5100e+02,  0.0000e+00,  0.0000e+00,  0.0000e+00,
          0.0000e+00,  0.0000e+00,  1.4600e+02, -1.0000e+00, -1.0000e+00,
         -1.0000e+00, -1.0000e+00, -1.0000e+00,  1.3000e+01,  5.1200e+03],
        [ 8.1000e+01,  8.0000e+01,  0.0000e+00,  0.0000e+00,  0.0000e+00,
          0.0000e+00,  0.0000e+00,  5.2000e+01, -1.0000e+00, -1.0000e+00,
         -1.0000e+00, -1.0000e+00, -1.0000e+00,  9.8000e+01,  1.0240e+03],
        [ 1.0400e+02,  1.0300e+02,  0.0000e+00,  0.0000e+00,  0.0000e+00,
          0.0000e+00,  0.0000e+00,  1.5400e+02, -1.0000e+00, -1.0000e+00,
         -1.0000e+00, -1.0000e+00, -1.0000e+00,  8.9000e+01,  9.2160e+03],
        [ 1.2800e+02,  1.2700e+02,  0.0000e+00,  0.0000e+00,  0.0000e+00,
          0.0000e+00,  0.0000e+00,  1.3600e+02, -1.0000e+00, -1.0000e+00,
         -1.0000e+00, -1.0000e+00, -1.0000e+00,  1.0800e+02,  1.5360e+04],
        [ 7.8000e+01,  7.7000e+01,  0.0000e+00,  0.0000e+00,  0.0000e+00,
          0.0000e+00,  0.0000e+00,  2.6000e+01, -1.0000e+00, -1.0000e+00,
         -1.0000e+00, -1.0000e+00, -1.0000e+00,  1.0000e+00,  6.1440e+03],
        [ 5.6000e+01,  5.5000e+01,  0.0000e+00,  0.0000e+00,  0.0000e+00,
          0.0000e+00,  0.0000e+00,  1.0300e+02, -1.0000e+00, -1.0000e+00,
         -1.0000e+00, -1.0000e+00, -1.0000e+00,  7.3000e+01,  2.4576e+04],
        [ 1.1900e+02,  1.1800e+02,  0.0000e+00,  0.0000e+00,  0.0000e+00,
          0.0000e+00,  0.0000e+00,  7.4000e+01, -1.0000e+00, -1.0000e+00,
         -1.0000e+00, -1.0000e+00, -1.0000e+00,  3.9000e+01,  9.2160e+03],
        [ 7.6000e+01,  7.5000e+01,  0.0000e+00,  0.0000e+00,  0.0000e+00,
          0.0000e+00,  0.0000e+00,  4.4000e+01, -1.0000e+00, -1.0000e+00,
         -1.0000e+00, -1.0000e+00, -1.0000e+00,  2.7000e+01,  0.0000e+00],
        [ 2.0000e+00,  1.0000e+00,  0.0000e+00,  0.0000e+00,  0.0000e+00,
          0.0000e+00,  0.0000e+00,  1.1300e+02, -1.0000e+00, -1.0000e+00,
         -1.0000e+00, -1.0000e+00, -1.0000e+00,  1.0900e+02,  0.0000e+00],
        [ 4.8000e+01,  4.7000e+01,  0.0000e+00,  0.0000e+00,  0.0000e+00,
          0.0000e+00,  0.0000e+00,  6.0000e+01, -1.0000e+00, -1.0000e+00,
         -1.0000e+00, -1.0000e+00, -1.0000e+00,  8.7000e+01,  3.0720e+03],
        [ 4.3000e+01,  4.2000e+01,  0.0000e+00,  0.0000e+00,  0.0000e+00,
          0.0000e+00,  0.0000e+00,  7.7000e+01, -1.0000e+00, -1.0000e+00,
         -1.0000e+00, -1.0000e+00, -1.0000e+00,  1.4300e+02,  0.0000e+00],
        [ 2.2000e+01,  2.1000e+01,  0.0000e+00,  0.0000e+00,  0.0000e+00,
          0.0000e+00,  0.0000e+00,  1.8000e+01, -1.0000e+00, -1.0000e+00,
         -1.0000e+00, -1.0000e+00, -1.0000e+00,  7.1000e+01,  0.0000e+00],
        [ 1.2200e+02,  1.2100e+02,  0.0000e+00,  0.0000e+00,  0.0000e+00,
          0.0000e+00,  0.0000e+00,  9.6000e+01, -1.0000e+00, -1.0000e+00,
         -1.0000e+00, -1.0000e+00, -1.0000e+00,  1.0700e+02,  2.0736e+04],
        [ 6.9000e+01,  6.8000e+01,  0.0000e+00,  0.0000e+00,  0.0000e+00,
          0.0000e+00,  0.0000e+00,  2.2000e+01, -1.0000e+00, -1.0000e+00,
         -1.0000e+00, -1.0000e+00, -1.0000e+00,  0.0000e+00,  6.1440e+03],
        [ 7.7000e+01,  7.6000e+01,  0.0000e+00,  0.0000e+00,  0.0000e+00,
          0.0000e+00,  0.0000e+00,  2.7000e+01, -1.0000e+00, -1.0000e+00,
         -1.0000e+00, -1.0000e+00, -1.0000e+00,  2.6000e+01,  1.3824e+04],
        [ 9.1000e+01,  8.2000e+01,  9.0000e+01,  0.0000e+00,  0.0000e+00,
          0.0000e+00,  0.0000e+00,  1.5500e+02,  7.0000e+00, -1.0000e+00,
         -1.0000e+00, -1.0000e+00, -1.0000e+00,  1.5300e+02,  0.0000e+00],
        [ 1.4800e+02,  1.4700e+02,  0.0000e+00,  0.0000e+00,  0.0000e+00,
          0.0000e+00,  0.0000e+00,  6.7000e+01, -1.0000e+00, -1.0000e+00,
         -1.0000e+00, -1.0000e+00, -1.0000e+00,  1.6000e+01,  3.4560e+04],
        [ 1.7000e+01,  1.6000e+01,  0.0000e+00,  0.0000e+00,  0.0000e+00,
          0.0000e+00,  0.0000e+00,  9.1000e+01, -1.0000e+00, -1.0000e+00,
         -1.0000e+00, -1.0000e+00, -1.0000e+00,  1.1200e+02,  0.0000e+00],
        [ 1.3500e+02,  1.2600e+02,  1.3400e+02,  0.0000e+00,  0.0000e+00,
          0.0000e+00,  0.0000e+00,  1.2300e+02,  4.8000e+01, -1.0000e+00,
         -1.0000e+00, -1.0000e+00, -1.0000e+00,  5.6000e+01,  0.0000e+00],
        [ 4.9000e+01,  4.8000e+01,  0.0000e+00,  0.0000e+00,  0.0000e+00,
          0.0000e+00,  0.0000e+00,  8.7000e+01, -1.0000e+00, -1.0000e+00,
         -1.0000e+00, -1.0000e+00, -1.0000e+00,  6.9000e+01,  0.0000e+00],
        [ 1.4300e+02,  1.4200e+02,  0.0000e+00,  0.0000e+00,  0.0000e+00,
          0.0000e+00,  0.0000e+00,  1.1500e+02, -1.0000e+00, -1.0000e+00,
         -1.0000e+00, -1.0000e+00, -1.0000e+00,  2.3000e+01,  2.5600e+03],
        [ 1.1700e+02,  1.0800e+02,  1.1600e+02,  0.0000e+00,  0.0000e+00,
          0.0000e+00,  0.0000e+00,  1.9000e+01,  1.3900e+02, -1.0000e+00,
         -1.0000e+00, -1.0000e+00, -1.0000e+00,  9.4000e+01,  0.0000e+00],
        [ 3.5000e+01,  3.4000e+01,  0.0000e+00,  0.0000e+00,  0.0000e+00,
          0.0000e+00,  0.0000e+00,  6.0000e+00, -1.0000e+00, -1.0000e+00,
         -1.0000e+00, -1.0000e+00, -1.0000e+00,  1.4500e+02,  0.0000e+00],
        [ 6.0000e+01,  5.9000e+01,  0.0000e+00,  0.0000e+00,  0.0000e+00,
          0.0000e+00,  0.0000e+00,  1.2200e+02, -1.0000e+00, -1.0000e+00,
         -1.0000e+00, -1.0000e+00, -1.0000e+00,  1.2400e+02,  6.9120e+03],
        [ 3.1000e+01,  3.0000e+01,  0.0000e+00,  0.0000e+00,  0.0000e+00,
          0.0000e+00,  0.0000e+00,  8.0000e+01, -1.0000e+00, -1.0000e+00,
         -1.0000e+00, -1.0000e+00, -1.0000e+00,  8.0000e+00,  0.0000e+00],
        [ 1.0200e+02,  1.0100e+02,  0.0000e+00,  0.0000e+00,  0.0000e+00,
          0.0000e+00,  0.0000e+00,  1.4800e+02, -1.0000e+00, -1.0000e+00,
         -1.0000e+00, -1.0000e+00, -1.0000e+00,  3.0000e+00,  0.0000e+00],
        [ 7.9000e+01,  7.8000e+01,  0.0000e+00,  0.0000e+00,  0.0000e+00,
          0.0000e+00,  0.0000e+00,  1.0000e+00, -1.0000e+00, -1.0000e+00,
         -1.0000e+00, -1.0000e+00, -1.0000e+00,  4.7000e+01,  0.0000e+00],
        [ 1.1200e+02,  1.1100e+02,  0.0000e+00,  0.0000e+00,  0.0000e+00,
          0.0000e+00,  0.0000e+00,  3.2000e+01, -1.0000e+00, -1.0000e+00,
         -1.0000e+00, -1.0000e+00, -1.0000e+00,  5.1000e+01,  2.0736e+04],
        [ 1.0500e+02,  1.0400e+02,  0.0000e+00,  0.0000e+00,  0.0000e+00,
          0.0000e+00,  0.0000e+00,  8.9000e+01, -1.0000e+00, -1.0000e+00,
         -1.0000e+00, -1.0000e+00, -1.0000e+00,  5.3000e+01,  0.0000e+00],
        [ 4.0000e+01,  3.9000e+01,  0.0000e+00,  0.0000e+00,  0.0000e+00,
          0.0000e+00,  0.0000e+00,  1.2500e+02, -1.0000e+00, -1.0000e+00,
         -1.0000e+00, -1.0000e+00, -1.0000e+00,  2.1000e+01,  0.0000e+00],
        [ 7.3000e+01,  6.4000e+01,  7.2000e+01,  0.0000e+00,  0.0000e+00,
          0.0000e+00,  0.0000e+00,  6.6000e+01,  1.2000e+01, -1.0000e+00,
         -1.0000e+00, -1.0000e+00, -1.0000e+00,  4.3000e+01,  0.0000e+00],
        [ 1.2100e+02,  1.2000e+02,  0.0000e+00,  0.0000e+00,  0.0000e+00,
          0.0000e+00,  0.0000e+00,  8.4000e+01, -1.0000e+00, -1.0000e+00,
         -1.0000e+00, -1.0000e+00, -1.0000e+00,  9.6000e+01,  0.0000e+00],
        [ 1.4400e+02,  1.3500e+02,  1.4300e+02,  0.0000e+00,  0.0000e+00,
          0.0000e+00,  0.0000e+00,  5.6000e+01,  2.3000e+01, -1.0000e+00,
         -1.0000e+00, -1.0000e+00, -1.0000e+00,  5.8000e+01,  0.0000e+00],
        [ 1.4000e+01,  1.3000e+01,  0.0000e+00,  0.0000e+00,  0.0000e+00,
          0.0000e+00,  0.0000e+00,  1.4700e+02, -1.0000e+00, -1.0000e+00,
         -1.0000e+00, -1.0000e+00, -1.0000e+00,  7.9000e+01,  0.0000e+00],
        [ 5.1000e+01,  5.0000e+01,  0.0000e+00,  0.0000e+00,  0.0000e+00,
          0.0000e+00,  0.0000e+00,  1.4200e+02, -1.0000e+00, -1.0000e+00,
         -1.0000e+00, -1.0000e+00, -1.0000e+00,  3.8000e+01,  3.0720e+03],
        [ 2.8000e+01,  1.9000e+01,  2.7000e+01,  0.0000e+00,  0.0000e+00,
          0.0000e+00,  0.0000e+00,  1.1100e+02,  1.3200e+02, -1.0000e+00,
         -1.0000e+00, -1.0000e+00, -1.0000e+00,  1.0600e+02,  0.0000e+00],
        [ 4.6000e+01,  3.7000e+01,  4.5000e+01,  0.0000e+00,  0.0000e+00,
          0.0000e+00,  0.0000e+00,  8.1000e+01,  1.2100e+02, -1.0000e+00,
         -1.0000e+00, -1.0000e+00, -1.0000e+00,  1.0200e+02,  0.0000e+00],
        [ 1.2900e+02,  1.2800e+02,  0.0000e+00,  0.0000e+00,  0.0000e+00,
          0.0000e+00,  0.0000e+00,  1.0800e+02, -1.0000e+00, -1.0000e+00,
         -1.0000e+00, -1.0000e+00, -1.0000e+00,  4.5000e+01,  0.0000e+00],
        [ 6.7000e+01,  6.6000e+01,  0.0000e+00,  0.0000e+00,  0.0000e+00,
          0.0000e+00,  0.0000e+00,  5.7000e+01, -1.0000e+00, -1.0000e+00,
         -1.0000e+00, -1.0000e+00, -1.0000e+00,  1.1800e+02,  0.0000e+00],
        [ 9.9000e+01,  9.8000e+01,  0.0000e+00,  0.0000e+00,  0.0000e+00,
          0.0000e+00,  0.0000e+00,  9.9000e+01, -1.0000e+00, -1.0000e+00,
         -1.0000e+00, -1.0000e+00, -1.0000e+00,  9.5000e+01,  1.5360e+03],
        [ 9.5000e+01,  9.4000e+01,  0.0000e+00,  0.0000e+00,  0.0000e+00,
          0.0000e+00,  0.0000e+00,  9.2000e+01, -1.0000e+00, -1.0000e+00,
         -1.0000e+00, -1.0000e+00, -1.0000e+00,  3.5000e+01,  1.3824e+04],
        [ 8.6000e+01,  8.5000e+01,  0.0000e+00,  0.0000e+00,  0.0000e+00,
          0.0000e+00,  0.0000e+00,  1.0100e+02, -1.0000e+00, -1.0000e+00,
         -1.0000e+00, -1.0000e+00, -1.0000e+00,  3.4000e+01,  1.3824e+04],
        [ 6.6000e+01,  6.5000e+01,  0.0000e+00,  0.0000e+00,  0.0000e+00,
          0.0000e+00,  0.0000e+00,  9.0000e+00, -1.0000e+00, -1.0000e+00,
         -1.0000e+00, -1.0000e+00, -1.0000e+00,  5.7000e+01,  6.1440e+03],
        [ 6.1000e+01,  6.0000e+01,  0.0000e+00,  0.0000e+00,  0.0000e+00,
          0.0000e+00,  0.0000e+00,  1.2400e+02, -1.0000e+00, -1.0000e+00,
         -1.0000e+00, -1.0000e+00, -1.0000e+00,  1.3800e+02,  3.0720e+03],
        [ 1.4900e+02,  1.4800e+02,  0.0000e+00,  0.0000e+00,  0.0000e+00,
          0.0000e+00,  0.0000e+00,  1.6000e+01, -1.0000e+00, -1.0000e+00,
         -1.0000e+00, -1.0000e+00, -1.0000e+00,  4.9000e+01,  1.5360e+04],
        [ 2.5000e+01,  2.4000e+01,  0.0000e+00,  0.0000e+00,  0.0000e+00,
          0.0000e+00,  0.0000e+00,  2.0000e+00, -1.0000e+00, -1.0000e+00,
         -1.0000e+00, -1.0000e+00, -1.0000e+00,  3.1000e+01,  0.0000e+00],
        [ 1.5600e+02,  1.5500e+02,  0.0000e+00,  0.0000e+00,  0.0000e+00,
          0.0000e+00,  0.0000e+00,  1.2900e+02, -1.0000e+00, -1.0000e+00,
         -1.0000e+00, -1.0000e+00, -1.0000e+00,  1.3400e+02,  0.0000e+00],
        [ 1.0000e+00,  0.0000e+00,  0.0000e+00,  0.0000e+00,  0.0000e+00,
          0.0000e+00,  0.0000e+00, -1.0000e+00, -1.0000e+00, -1.0000e+00,
         -1.0000e+00, -1.0000e+00, -1.0000e+00,  1.1300e+02,  0.0000e+00],
        [ 5.5000e+01,  4.6000e+01,  5.4000e+01,  0.0000e+00,  0.0000e+00,
          0.0000e+00,  0.0000e+00,  1.0200e+02,  9.0000e+01, -1.0000e+00,
         -1.0000e+00, -1.0000e+00, -1.0000e+00,  1.0300e+02,  0.0000e+00],
        [ 1.4000e+02,  1.3900e+02,  0.0000e+00,  0.0000e+00,  0.0000e+00,
          0.0000e+00,  0.0000e+00,  5.0000e+01, -1.0000e+00, -1.0000e+00,
         -1.0000e+00, -1.0000e+00, -1.0000e+00,  2.9000e+01,  1.5360e+04],
        [ 6.2000e+01,  6.1000e+01,  0.0000e+00,  0.0000e+00,  0.0000e+00,
          0.0000e+00,  0.0000e+00,  1.3800e+02, -1.0000e+00, -1.0000e+00,
         -1.0000e+00, -1.0000e+00, -1.0000e+00,  1.5000e+01,  0.0000e+00],
        [ 6.4000e+01,  6.3000e+01,  0.0000e+00,  0.0000e+00,  0.0000e+00,
          0.0000e+00,  0.0000e+00,  4.0000e+01, -1.0000e+00, -1.0000e+00,
         -1.0000e+00, -1.0000e+00, -1.0000e+00,  6.6000e+01,  1.0240e+03],
        [ 1.1500e+02,  1.1400e+02,  0.0000e+00,  0.0000e+00,  0.0000e+00,
          0.0000e+00,  0.0000e+00,  3.0000e+01, -1.0000e+00, -1.0000e+00,
         -1.0000e+00, -1.0000e+00, -1.0000e+00,  9.3000e+01,  2.2118e+05],
        [ 1.4600e+02,  1.4500e+02,  0.0000e+00,  0.0000e+00,  0.0000e+00,
          0.0000e+00,  0.0000e+00,  1.0000e+01, -1.0000e+00, -1.0000e+00,
         -1.0000e+00, -1.0000e+00, -1.0000e+00,  6.3000e+01,  1.5360e+04],
        [ 1.0700e+02,  1.0600e+02,  0.0000e+00,  0.0000e+00,  0.0000e+00,
          0.0000e+00,  0.0000e+00,  1.4100e+02, -1.0000e+00, -1.0000e+00,
         -1.0000e+00, -1.0000e+00, -1.0000e+00,  1.1600e+02,  1.5360e+03],
        [ 7.1000e+01,  7.0000e+01,  0.0000e+00,  0.0000e+00,  0.0000e+00,
          0.0000e+00,  0.0000e+00,  5.0000e+00, -1.0000e+00, -1.0000e+00,
         -1.0000e+00, -1.0000e+00, -1.0000e+00,  1.3700e+02,  9.8304e+04],
        [ 1.2600e+02,  1.2500e+02,  0.0000e+00,  0.0000e+00,  0.0000e+00,
          0.0000e+00,  0.0000e+00,  2.5000e+01, -1.0000e+00, -1.0000e+00,
         -1.0000e+00, -1.0000e+00, -1.0000e+00,  1.2300e+02,  2.5600e+03],
        [ 9.7000e+01,  9.6000e+01,  0.0000e+00,  0.0000e+00,  0.0000e+00,
          0.0000e+00,  0.0000e+00,  8.5000e+01, -1.0000e+00, -1.0000e+00,
         -1.0000e+00, -1.0000e+00, -1.0000e+00,  7.8000e+01,  0.0000e+00],
        [ 1.1600e+02,  1.1500e+02,  0.0000e+00,  0.0000e+00,  0.0000e+00,
          0.0000e+00,  0.0000e+00,  9.3000e+01, -1.0000e+00, -1.0000e+00,
         -1.0000e+00, -1.0000e+00, -1.0000e+00,  1.3900e+02,  1.5360e+03],
        [ 1.3400e+02,  1.3300e+02,  0.0000e+00,  0.0000e+00,  0.0000e+00,
          0.0000e+00,  0.0000e+00,  6.1000e+01, -1.0000e+00, -1.0000e+00,
         -1.0000e+00, -1.0000e+00, -1.0000e+00,  4.8000e+01,  2.5600e+03],
        [ 8.0000e+00,  7.0000e+00,  0.0000e+00,  0.0000e+00,  0.0000e+00,
          0.0000e+00,  0.0000e+00,  1.0400e+02, -1.0000e+00, -1.0000e+00,
         -1.0000e+00, -1.0000e+00, -1.0000e+00,  9.7000e+01,  0.0000e+00],
        [ 5.3000e+01,  5.2000e+01,  0.0000e+00,  0.0000e+00,  0.0000e+00,
          0.0000e+00,  0.0000e+00,  1.4000e+02, -1.0000e+00, -1.0000e+00,
         -1.0000e+00, -1.0000e+00, -1.0000e+00,  7.5000e+01,  2.4576e+04],
        [ 8.5000e+01,  8.4000e+01,  0.0000e+00,  0.0000e+00,  0.0000e+00,
          0.0000e+00,  0.0000e+00,  1.1700e+02, -1.0000e+00, -1.0000e+00,
         -1.0000e+00, -1.0000e+00, -1.0000e+00,  1.0100e+02,  0.0000e+00],
        [ 5.0000e+00,  4.0000e+00,  0.0000e+00,  0.0000e+00,  0.0000e+00,
          0.0000e+00,  0.0000e+00,  1.3100e+02, -1.0000e+00, -1.0000e+00,
         -1.0000e+00, -1.0000e+00, -1.0000e+00,  1.4900e+02,  0.0000e+00],
        [ 5.7000e+01,  5.6000e+01,  0.0000e+00,  0.0000e+00,  0.0000e+00,
          0.0000e+00,  0.0000e+00,  7.3000e+01, -1.0000e+00, -1.0000e+00,
         -1.0000e+00, -1.0000e+00, -1.0000e+00,  4.1000e+01,  3.0720e+03],
        [ 1.0300e+02,  1.0200e+02,  0.0000e+00,  0.0000e+00,  0.0000e+00,
          0.0000e+00,  0.0000e+00,  3.0000e+00, -1.0000e+00, -1.0000e+00,
         -1.0000e+00, -1.0000e+00, -1.0000e+00,  1.5400e+02,  2.0736e+04],
        [ 1.5000e+02,  1.4900e+02,  0.0000e+00,  0.0000e+00,  0.0000e+00,
          0.0000e+00,  0.0000e+00,  4.9000e+01, -1.0000e+00, -1.0000e+00,
         -1.0000e+00, -1.0000e+00, -1.0000e+00,  1.4000e+01,  0.0000e+00],
        [ 6.5000e+01,  6.4000e+01,  0.0000e+00,  0.0000e+00,  0.0000e+00,
          0.0000e+00,  0.0000e+00,  6.6000e+01, -1.0000e+00, -1.0000e+00,
         -1.0000e+00, -1.0000e+00, -1.0000e+00,  9.0000e+00,  9.8304e+04],
        [ 1.5500e+02,  1.5400e+02,  0.0000e+00,  0.0000e+00,  0.0000e+00,
          0.0000e+00,  0.0000e+00,  1.2800e+02, -1.0000e+00, -1.0000e+00,
         -1.0000e+00, -1.0000e+00, -1.0000e+00,  1.2900e+02,  0.0000e+00],
        [ 1.0900e+02,  1.0800e+02,  0.0000e+00,  0.0000e+00,  0.0000e+00,
          0.0000e+00,  0.0000e+00,  1.9000e+01, -1.0000e+00, -1.0000e+00,
         -1.0000e+00, -1.0000e+00, -1.0000e+00,  1.2000e+02,  2.2118e+05],
        [ 3.2000e+01,  3.1000e+01,  0.0000e+00,  0.0000e+00,  0.0000e+00,
          0.0000e+00,  0.0000e+00,  8.0000e+00, -1.0000e+00, -1.0000e+00,
         -1.0000e+00, -1.0000e+00, -1.0000e+00,  6.5000e+01,  0.0000e+00],
        [ 1.3000e+01,  1.2000e+01,  0.0000e+00,  0.0000e+00,  0.0000e+00,
          0.0000e+00,  0.0000e+00,  2.0000e+01, -1.0000e+00, -1.0000e+00,
         -1.0000e+00, -1.0000e+00, -1.0000e+00,  1.4700e+02,  0.0000e+00],
        [ 9.0000e+01,  8.9000e+01,  0.0000e+00,  0.0000e+00,  0.0000e+00,
          0.0000e+00,  0.0000e+00,  4.2000e+01, -1.0000e+00, -1.0000e+00,
         -1.0000e+00, -1.0000e+00, -1.0000e+00,  7.0000e+00,  1.0240e+03],
        [ 1.1100e+02,  1.1000e+02,  0.0000e+00,  0.0000e+00,  0.0000e+00,
          0.0000e+00,  0.0000e+00,  1.3000e+02, -1.0000e+00, -1.0000e+00,
         -1.0000e+00, -1.0000e+00, -1.0000e+00,  3.2000e+01,  0.0000e+00],
        [ 1.3100e+02,  1.3000e+02,  0.0000e+00,  0.0000e+00,  0.0000e+00,
          0.0000e+00,  0.0000e+00,  2.4000e+01, -1.0000e+00, -1.0000e+00,
         -1.0000e+00, -1.0000e+00, -1.0000e+00,  8.6000e+01,  1.5360e+04],
        [ 1.1300e+02,  1.1200e+02,  0.0000e+00,  0.0000e+00,  0.0000e+00,
          0.0000e+00,  0.0000e+00,  5.1000e+01, -1.0000e+00, -1.0000e+00,
         -1.0000e+00, -1.0000e+00, -1.0000e+00,  1.2700e+02,  9.2160e+03],
        [ 5.8000e+01,  5.7000e+01,  0.0000e+00,  0.0000e+00,  0.0000e+00,
          0.0000e+00,  0.0000e+00,  4.1000e+01, -1.0000e+00, -1.0000e+00,
         -1.0000e+00, -1.0000e+00, -1.0000e+00,  7.0000e+01,  0.0000e+00],
        [ 8.2000e+01,  7.3000e+01,  8.1000e+01,  0.0000e+00,  0.0000e+00,
          0.0000e+00,  0.0000e+00,  4.3000e+01,  9.8000e+01, -1.0000e+00,
         -1.0000e+00, -1.0000e+00, -1.0000e+00,  1.5500e+02,  0.0000e+00],
        [ 1.0100e+02,  1.0000e+02,  0.0000e+00,  0.0000e+00,  0.0000e+00,
          0.0000e+00,  0.0000e+00,  6.4000e+01, -1.0000e+00, -1.0000e+00,
         -1.0000e+00, -1.0000e+00, -1.0000e+00,  1.4800e+02,  9.2160e+03],
        [ 1.2000e+02,  1.1900e+02,  0.0000e+00,  0.0000e+00,  0.0000e+00,
          0.0000e+00,  0.0000e+00,  3.9000e+01, -1.0000e+00, -1.0000e+00,
         -1.0000e+00, -1.0000e+00, -1.0000e+00,  8.4000e+01,  0.0000e+00],
        [ 1.1400e+02,  1.1300e+02,  0.0000e+00,  0.0000e+00,  0.0000e+00,
          0.0000e+00,  0.0000e+00,  1.2700e+02, -1.0000e+00, -1.0000e+00,
         -1.0000e+00, -1.0000e+00, -1.0000e+00,  3.0000e+01,  0.0000e+00],
        [ 1.3700e+02,  1.3600e+02,  0.0000e+00,  0.0000e+00,  0.0000e+00,
          0.0000e+00,  0.0000e+00,  1.0500e+02, -1.0000e+00, -1.0000e+00,
         -1.0000e+00, -1.0000e+00, -1.0000e+00,  2.8000e+01,  1.5360e+04]],
       device='cuda:0')
learning sequence is:
tensor([ 82., 131., 104., 111., 132.,  37.,  20.,  81.,  91., 133.,  54.,  18.,
          2.,  17.,  80.,  88.,   6., 114., 121.,  68., 119., 125.,  59., 152.,
         72.,  77.,  36.,  62.,  83., 150.,  60., 146.,  46., 136.,  10., 115.,
        105.,  61.,  40.,  74.,  25.,  64.,  52.,  99.,  76., 100.,  22., 141.,
         42.,  50.,  85.,  24., 151., 144.,  33., 142.,  55.,  44., 135., 117.,
        130.,  19.,   5., 126.,  12.,   4., 122.,  11., 128.,  67.,  92.,  90.,
        110., 140.,  13.,  98.,  89., 108.,   1.,  73.,  39.,  27., 109.,  87.,
        143.,  71., 107.,   0.,  26., 153.,  16., 112.,  56.,  69.,  23.,  94.,
        145., 124.,   8.,   3.,  47.,  51.,  53.,  21.,  43.,  96.,  58.,  79.,
         38., 106., 102.,  45., 118.,  95.,  35.,  34.,  57., 138.,  49.,  31.,
        134., 113., 103.,  29.,  15.,  66.,  93.,  63., 116., 137., 123.,  78.,
        139.,  48.,  97.,  75., 101., 149.,  41., 154.,  14.,   9., 129., 120.,
         65., 147.,   7.,  32.,  86., 127.,  70., 155., 148.,  84.,  30.,  28.],
       device='cuda:0')
layer index corresponding:
[('model_0_block_7_depthwise_BN',), ('model_0_block_8_depthwise_BN',), ('model_0_block_2_depthwise_BN',), ('model_0_block_11_expand_relu',), ('model_0_block_13_depthwise_BN',), ('model_0_block_7_depthwise_relu',), ('model_0_block_3_depthwise_BN',), ('model_0_block_9_project_BN',), ('model_0_block_3_expand_relu',), ('model_0_block_7_expand',), ('model_0_block_16_expand',), ('model_0_block_9_depthwise_relu',), ('model_0_block_7_project_BN',), ('model_0_block_16_project_BN',), ('model_0_block_16_depthwise_relu',), ('model_0_block_6_depthwise_relu',), ('model_0_block_16_depthwise',), ('model_0_block_1_depthwise',), ('model_0_block_2_expand_BN',), ('model_0_block_11_add',), ('model_0_block_1_expand_BN',), ('model_0_block_4_expand_relu',), ('model_0_block_7_depthwise',), ('model_0_block_15_project_BN',), ('model_0_block_14_depthwise',), ('model_0_block_13_project',), ('model_0_block_8_depthwise',), ('model_0_block_8_expand_relu',), ('model_0_block_15_expand_BN',), ('model_0_block_15_depthwise_BN',), ('model_0_block_12_depthwise_relu',), ('model_0_block_2_depthwise_relu',), ('model_0_block_12_expand_relu',), ('model_0_block_15_depthwise_relu',), ('model_0_block_9_depthwise',), ('model_0_block_10_depthwise',), ('model_0_block_3_project',), ('model_0_expanded_conv_depthwise',), ('model_0_block_5_depthwise_BN',), ('model_0_block_13_expand_BN',), ('model_0_block_6_project',), ('model_0_block_6_expand_BN',), ('model_0_block_9_project',), ('model_0_block_7_add',), ('model_0_block_8_expand_BN',), ('model_0_block_14_expand_relu',), ('model_0_Conv_1',), ('model_0_block_8_depthwise_relu',), ('model_0_block_14_project_BN',), ('model_0_block_16_depthwise_BN',), ('model_0_block_15_depthwise',), ('model_0_block_12_depthwise',), ('model_0_block_8_project',), ('model_0_block_11_depthwise_relu',), ('model_0_Conv1',), ('model_0_block_15_expand_relu',), ('model_0_block_14_add',), ('model_0_block_7_expand_BN',), ('model_0_block_15_add',), ('model_0_block_2_expand',), ('model_0_block_5_expand',), ('model_0_block_14_project',), ('model_0_block_4_depthwise',), ('model_0_block_16_expand_BN',), ('model_0_block_11_expand',), ('model_0_block_3_pad',), ('model_0_block_6_project_BN',), ('model_0_block_16_expand_relu',), ('model_0_block_1_project',), ('model_0_block_5_expand_relu',), ('model_0_block_6_expand_relu',), ('model_0_block_2_expand_relu',), ('model_0_block_3_expand',), ('model_0_block_6_expand',), ('model_0_block_13_expand',), ('model_0_block_5_project',), ('model_0_block_8_expand',), ('model_0_block_4_depthwise_BN',), ('model_0_block_10_depthwise_relu',), ('model_0_block_1_pad',), ('model_0_block_3_expand_BN',), ('model_0_block_3_project_BN',), ('model_0_expanded_conv_project_BN',), ('model_0_block_4_expand',), ('model_0_block_13_expand_relu',), ('model_0_block_10_depthwise_BN',), ('model_0_block_14_depthwise_BN',), ('model_0_block_5_expand_BN',), ('model_0_block_1_expand',), ('model_0_block_11_depthwise_BN',), ('model_0_block_5_project_BN',), ('model_0_block_1_depthwise_BN',), ('model_0_block_10_expand_relu',), ('model_0_block_12_project',), ('model_0_block_12_add',), ('model_0_block_10_project_BN',), ('model_0_block_13_pad',), ('model_0_expanded_conv_depthwise_relu',), ('model_0_block_8_project_BN',), ('model_0_block_10_project',), ('model_0_block_9_expand',), ('model_0_block_9_expand_relu',), ('model_0_block_4_add',), ('model_0_block_5_add',), ('model_0_expanded_conv_depthwise_BN',), ('model_0_block_15_expand',), ('model_0_block_2_add',), ('model_0_block_13_depthwise',), ('model_0_block_14_expand_BN',), ('model_0_input_1',), ('model_0_block_14_depthwise_relu',), ('model_0_block_1_project_BN',), ('model_0_block_1_depthwise_relu',), ('source',), ('model_0_block_2_depthwise',), ('model_0_block_15_project',), ('model_0_block_11_project_BN',), ('model_0_block_9_expand_BN',), ('model_0_block_7_expand_relu',), ('model_0_block_3_depthwise',), ('model_0_block_12_expand',), ('model_0_block_4_project_BN',), ('model_0_block_6_pad',), ('model_0_block_13_project_BN',), ('model_0_block_6_depthwise',), ('model_0_block_4_expand_BN',), ('model_0_block_13_depthwise_relu',), ('model_0_block_12_depthwise_BN',), ('model_0_Conv_1_bn',), ('model_0_out_relu',), ('model_0_block_12_expand_BN',), ('model_0_bn_Conv1',), ('model_0_block_2_project_BN',), ('model_0_expanded_conv_project',), ('sink',), ('model_0_block_10_expand',), ('model_0_block_14_expand',), ('model_0_block_7_project',), ('model_0_block_6_depthwise_BN',), ('model_0_block_12_project_BN',), ('model_0_block_5_depthwise_relu',), ('model_0_block_11_project',), ('model_0_block_5_depthwise',), ('model_0_block_4_depthwise_relu',), ('model_0_block_9_depthwise_BN',), ('model_0_block_3_depthwise_relu',), ('model_0_block_16_project',), ('model_0_block_1_expand_relu',), ('model_0_block_11_expand_BN',), ('model_0_Conv1_relu',), ('model_0_block_4_project',), ('model_0_block_10_expand_BN',), ('model_0_block_2_project',), ('model_0_block_9_add',), ('model_0_block_11_depthwise',), ('model_0_block_8_add',)]
end
