learning dataset is:
tensor([[ 1.0000e+00,  0.0000e+00,  0.0000e+00,  0.0000e+00,  0.0000e+00,
          0.0000e+00,  0.0000e+00, -1.0000e+00, -1.0000e+00, -1.0000e+00,
         -1.0000e+00, -1.0000e+00, -1.0000e+00,  4.4000e+01,  0.0000e+00],
        [ 2.0000e+00,  1.0000e+00,  0.0000e+00,  0.0000e+00,  0.0000e+00,
          0.0000e+00,  0.0000e+00,  4.4000e+01, -1.0000e+00, -1.0000e+00,
         -1.0000e+00, -1.0000e+00, -1.0000e+00,  2.7000e+01,  0.0000e+00],
        [ 8.5000e+01,  8.4000e+01,  0.0000e+00,  0.0000e+00,  0.0000e+00,
          0.0000e+00,  0.0000e+00,  2.0000e+00, -1.0000e+00, -1.0000e+00,
         -1.0000e+00, -1.0000e+00, -1.0000e+00,  5.9000e+01,  4.1943e+06],
        [ 7.9000e+01,  7.8000e+01,  0.0000e+00,  0.0000e+00,  0.0000e+00,
          0.0000e+00,  0.0000e+00,  2.1000e+01, -1.0000e+00, -1.0000e+00,
         -1.0000e+00, -1.0000e+00, -1.0000e+00,  4.5000e+01,  2.0972e+06],
        [ 4.8000e+01,  4.7000e+01,  0.0000e+00,  0.0000e+00,  0.0000e+00,
          0.0000e+00,  0.0000e+00,  5.3000e+01, -1.0000e+00, -1.0000e+00,
         -1.0000e+00, -1.0000e+00, -1.0000e+00,  3.4000e+01,  1.0486e+06],
        [ 5.4000e+01,  5.3000e+01,  0.0000e+00,  0.0000e+00,  0.0000e+00,
          0.0000e+00,  0.0000e+00,  7.6000e+01, -1.0000e+00, -1.0000e+00,
         -1.0000e+00, -1.0000e+00, -1.0000e+00,  6.5000e+01,  1.0486e+06],
        [ 6.0000e+01,  5.9000e+01,  0.0000e+00,  0.0000e+00,  0.0000e+00,
          0.0000e+00,  0.0000e+00,  1.1000e+01, -1.0000e+00, -1.0000e+00,
         -1.0000e+00, -1.0000e+00, -1.0000e+00,  7.7000e+01,  1.0486e+06],
        [ 6.6000e+01,  6.5000e+01,  0.0000e+00,  0.0000e+00,  0.0000e+00,
          0.0000e+00,  0.0000e+00,  4.7000e+01, -1.0000e+00, -1.0000e+00,
         -1.0000e+00, -1.0000e+00, -1.0000e+00,  1.0000e+00,  1.0486e+06],
        [ 7.2000e+01,  7.1000e+01,  0.0000e+00,  0.0000e+00,  0.0000e+00,
          0.0000e+00,  0.0000e+00,  2.3000e+01, -1.0000e+00, -1.0000e+00,
         -1.0000e+00, -1.0000e+00, -1.0000e+00,  4.0000e+01,  1.0486e+06],
        [ 8.0000e+00,  7.0000e+00,  0.0000e+00,  0.0000e+00,  0.0000e+00,
          0.0000e+00,  0.0000e+00,  5.6000e+01, -1.0000e+00, -1.0000e+00,
         -1.0000e+00, -1.0000e+00, -1.0000e+00,  7.8000e+01,  0.0000e+00],
        [ 5.0000e+00,  4.0000e+00,  0.0000e+00,  0.0000e+00,  0.0000e+00,
          0.0000e+00,  0.0000e+00,  8.0000e+01, -1.0000e+00, -1.0000e+00,
         -1.0000e+00, -1.0000e+00, -1.0000e+00,  2.0000e+01,  0.0000e+00],
        [ 4.2000e+01,  4.1000e+01,  0.0000e+00,  0.0000e+00,  0.0000e+00,
          0.0000e+00,  0.0000e+00,  5.7000e+01, -1.0000e+00, -1.0000e+00,
         -1.0000e+00, -1.0000e+00, -1.0000e+00,  7.4000e+01,  5.2429e+05],
        [ 3.5000e+01,  3.4000e+01,  0.0000e+00,  0.0000e+00,  0.0000e+00,
          0.0000e+00,  0.0000e+00,  3.5000e+01, -1.0000e+00, -1.0000e+00,
         -1.0000e+00, -1.0000e+00, -1.0000e+00,  8.7000e+01,  2.6214e+05],
        [ 2.9000e+01,  2.8000e+01,  0.0000e+00,  0.0000e+00,  0.0000e+00,
          0.0000e+00,  0.0000e+00,  2.6000e+01, -1.0000e+00, -1.0000e+00,
         -1.0000e+00, -1.0000e+00, -1.0000e+00,  8.4000e+01,  1.3107e+05],
        [ 2.2000e+01,  2.1000e+01,  0.0000e+00,  0.0000e+00,  0.0000e+00,
          0.0000e+00,  0.0000e+00,  3.6000e+01, -1.0000e+00, -1.0000e+00,
         -1.0000e+00, -1.0000e+00, -1.0000e+00,  8.0000e+00,  6.5536e+04],
        [ 8.2000e+01,  8.1000e+01,  0.0000e+00,  0.0000e+00,  0.0000e+00,
          0.0000e+00,  0.0000e+00,  1.7000e+01, -1.0000e+00, -1.0000e+00,
         -1.0000e+00, -1.0000e+00, -1.0000e+00,  4.3000e+01,  3.6864e+04],
        [ 1.6000e+01,  1.5000e+01,  0.0000e+00,  0.0000e+00,  0.0000e+00,
          0.0000e+00,  0.0000e+00,  7.3000e+01, -1.0000e+00, -1.0000e+00,
         -1.0000e+00, -1.0000e+00, -1.0000e+00,  6.6000e+01,  3.2768e+04],
        [ 4.5000e+01,  4.4000e+01,  0.0000e+00,  0.0000e+00,  0.0000e+00,
          0.0000e+00,  0.0000e+00,  5.2000e+01, -1.0000e+00, -1.0000e+00,
         -1.0000e+00, -1.0000e+00, -1.0000e+00,  4.6000e+01,  1.8432e+04],
        [ 5.1000e+01,  5.0000e+01,  0.0000e+00,  0.0000e+00,  0.0000e+00,
          0.0000e+00,  0.0000e+00,  7.2000e+01, -1.0000e+00, -1.0000e+00,
         -1.0000e+00, -1.0000e+00, -1.0000e+00,  2.4000e+01,  1.8432e+04],
        [ 5.7000e+01,  5.6000e+01,  0.0000e+00,  0.0000e+00,  0.0000e+00,
          0.0000e+00,  0.0000e+00,  1.4000e+01, -1.0000e+00, -1.0000e+00,
         -1.0000e+00, -1.0000e+00, -1.0000e+00,  6.8000e+01,  1.8432e+04],
        [ 6.3000e+01,  6.2000e+01,  0.0000e+00,  0.0000e+00,  0.0000e+00,
          0.0000e+00,  0.0000e+00,  8.1000e+01, -1.0000e+00, -1.0000e+00,
         -1.0000e+00, -1.0000e+00, -1.0000e+00,  4.1000e+01,  1.8432e+04],
        [ 6.9000e+01,  6.8000e+01,  0.0000e+00,  0.0000e+00,  0.0000e+00,
          0.0000e+00,  0.0000e+00,  0.0000e+00, -1.0000e+00, -1.0000e+00,
         -1.0000e+00, -1.0000e+00, -1.0000e+00,  4.2000e+01,  1.8432e+04],
        [ 7.6000e+01,  7.5000e+01,  0.0000e+00,  0.0000e+00,  0.0000e+00,
          0.0000e+00,  0.0000e+00,  5.8000e+01, -1.0000e+00, -1.0000e+00,
         -1.0000e+00, -1.0000e+00, -1.0000e+00,  5.0000e+00,  1.8432e+04],
        [ 8.0000e+01,  7.9000e+01,  0.0000e+00,  0.0000e+00,  0.0000e+00,
          0.0000e+00,  0.0000e+00,  4.5000e+01, -1.0000e+00, -1.0000e+00,
         -1.0000e+00, -1.0000e+00, -1.0000e+00,  6.9000e+01,  1.6384e+04],
        [ 8.3000e+01,  8.2000e+01,  0.0000e+00,  0.0000e+00,  0.0000e+00,
          0.0000e+00,  0.0000e+00,  4.3000e+01, -1.0000e+00, -1.0000e+00,
         -1.0000e+00, -1.0000e+00, -1.0000e+00,  8.5000e+01,  1.6384e+04],
        [ 8.6000e+01,  8.5000e+01,  0.0000e+00,  0.0000e+00,  0.0000e+00,
          0.0000e+00,  0.0000e+00,  5.9000e+01, -1.0000e+00, -1.0000e+00,
         -1.0000e+00, -1.0000e+00, -1.0000e+00,  3.3000e+01,  1.6384e+04],
        [ 3.2000e+01,  3.1000e+01,  0.0000e+00,  0.0000e+00,  0.0000e+00,
          0.0000e+00,  0.0000e+00,  3.1000e+01, -1.0000e+00, -1.0000e+00,
         -1.0000e+00, -1.0000e+00, -1.0000e+00,  8.6000e+01,  9.2160e+03],
        [ 9.0000e+00,  8.0000e+00,  0.0000e+00,  0.0000e+00,  0.0000e+00,
          0.0000e+00,  0.0000e+00,  7.8000e+01, -1.0000e+00, -1.0000e+00,
         -1.0000e+00, -1.0000e+00, -1.0000e+00,  3.7000e+01,  8.1920e+03],
        [ 3.9000e+01,  3.8000e+01,  0.0000e+00,  0.0000e+00,  0.0000e+00,
          0.0000e+00,  0.0000e+00,  5.0000e+01, -1.0000e+00, -1.0000e+00,
         -1.0000e+00, -1.0000e+00, -1.0000e+00,  6.0000e+01,  9.2160e+03],
        [ 4.3000e+01,  4.2000e+01,  0.0000e+00,  0.0000e+00,  0.0000e+00,
          0.0000e+00,  0.0000e+00,  7.4000e+01, -1.0000e+00, -1.0000e+00,
         -1.0000e+00, -1.0000e+00, -1.0000e+00,  5.5000e+01,  8.1920e+03],
        [ 4.6000e+01,  4.5000e+01,  0.0000e+00,  0.0000e+00,  0.0000e+00,
          0.0000e+00,  0.0000e+00,  4.6000e+01, -1.0000e+00, -1.0000e+00,
         -1.0000e+00, -1.0000e+00, -1.0000e+00,  1.2000e+01,  8.1920e+03],
        [ 4.9000e+01,  4.8000e+01,  0.0000e+00,  0.0000e+00,  0.0000e+00,
          0.0000e+00,  0.0000e+00,  3.4000e+01, -1.0000e+00, -1.0000e+00,
         -1.0000e+00, -1.0000e+00, -1.0000e+00,  3.0000e+01,  8.1920e+03],
        [ 5.2000e+01,  5.1000e+01,  0.0000e+00,  0.0000e+00,  0.0000e+00,
          0.0000e+00,  0.0000e+00,  2.4000e+01, -1.0000e+00, -1.0000e+00,
         -1.0000e+00, -1.0000e+00, -1.0000e+00,  3.8000e+01,  8.1920e+03],
        [ 5.5000e+01,  5.4000e+01,  0.0000e+00,  0.0000e+00,  0.0000e+00,
          0.0000e+00,  0.0000e+00,  6.5000e+01, -1.0000e+00, -1.0000e+00,
         -1.0000e+00, -1.0000e+00, -1.0000e+00,  4.9000e+01,  8.1920e+03],
        [ 5.8000e+01,  5.7000e+01,  0.0000e+00,  0.0000e+00,  0.0000e+00,
          0.0000e+00,  0.0000e+00,  6.8000e+01, -1.0000e+00, -1.0000e+00,
         -1.0000e+00, -1.0000e+00, -1.0000e+00,  1.6000e+01,  8.1920e+03],
        [ 6.1000e+01,  6.0000e+01,  0.0000e+00,  0.0000e+00,  0.0000e+00,
          0.0000e+00,  0.0000e+00,  7.7000e+01, -1.0000e+00, -1.0000e+00,
         -1.0000e+00, -1.0000e+00, -1.0000e+00,  7.0000e+01,  8.1920e+03],
        [ 6.4000e+01,  6.3000e+01,  0.0000e+00,  0.0000e+00,  0.0000e+00,
          0.0000e+00,  0.0000e+00,  4.1000e+01, -1.0000e+00, -1.0000e+00,
         -1.0000e+00, -1.0000e+00, -1.0000e+00,  6.1000e+01,  8.1920e+03],
        [ 6.7000e+01,  6.6000e+01,  0.0000e+00,  0.0000e+00,  0.0000e+00,
          0.0000e+00,  0.0000e+00,  1.0000e+00, -1.0000e+00, -1.0000e+00,
         -1.0000e+00, -1.0000e+00, -1.0000e+00,  7.5000e+01,  8.1920e+03],
        [ 7.0000e+01,  6.9000e+01,  0.0000e+00,  0.0000e+00,  0.0000e+00,
          0.0000e+00,  0.0000e+00,  4.2000e+01, -1.0000e+00, -1.0000e+00,
         -1.0000e+00, -1.0000e+00, -1.0000e+00,  4.0000e+00,  8.1920e+03],
        [ 7.3000e+01,  7.2000e+01,  0.0000e+00,  0.0000e+00,  0.0000e+00,
          0.0000e+00,  0.0000e+00,  4.0000e+01, -1.0000e+00, -1.0000e+00,
         -1.0000e+00, -1.0000e+00, -1.0000e+00,  5.1000e+01,  8.1920e+03],
        [ 7.7000e+01,  7.6000e+01,  0.0000e+00,  0.0000e+00,  0.0000e+00,
          0.0000e+00,  0.0000e+00,  5.0000e+00, -1.0000e+00, -1.0000e+00,
         -1.0000e+00, -1.0000e+00, -1.0000e+00,  2.9000e+01,  8.1920e+03],
        [ 1.9000e+01,  1.8000e+01,  0.0000e+00,  0.0000e+00,  0.0000e+00,
          0.0000e+00,  0.0000e+00,  7.9000e+01, -1.0000e+00, -1.0000e+00,
         -1.0000e+00, -1.0000e+00, -1.0000e+00,  2.8000e+01,  4.6080e+03],
        [ 2.6000e+01,  2.5000e+01,  0.0000e+00,  0.0000e+00,  0.0000e+00,
          0.0000e+00,  0.0000e+00,  1.3000e+01, -1.0000e+00, -1.0000e+00,
         -1.0000e+00, -1.0000e+00, -1.0000e+00,  2.5000e+01,  4.6080e+03],
        [ 3.0000e+00,  2.0000e+00,  0.0000e+00,  0.0000e+00,  0.0000e+00,
          0.0000e+00,  0.0000e+00,  2.7000e+01, -1.0000e+00, -1.0000e+00,
         -1.0000e+00, -1.0000e+00, -1.0000e+00,  6.0000e+00,  3.4560e+03],
        [ 3.0000e+01,  2.9000e+01,  0.0000e+00,  0.0000e+00,  0.0000e+00,
          0.0000e+00,  0.0000e+00,  8.4000e+01, -1.0000e+00, -1.0000e+00,
         -1.0000e+00, -1.0000e+00, -1.0000e+00,  3.0000e+00,  4.0960e+03],
        [ 3.3000e+01,  3.2000e+01,  0.0000e+00,  0.0000e+00,  0.0000e+00,
          0.0000e+00,  0.0000e+00,  8.6000e+01, -1.0000e+00, -1.0000e+00,
         -1.0000e+00, -1.0000e+00, -1.0000e+00,  6.4000e+01,  4.0960e+03],
        [ 3.6000e+01,  3.5000e+01,  0.0000e+00,  0.0000e+00,  0.0000e+00,
          0.0000e+00,  0.0000e+00,  8.7000e+01, -1.0000e+00, -1.0000e+00,
         -1.0000e+00, -1.0000e+00, -1.0000e+00,  1.0000e+01,  4.0960e+03],
        [ 4.0000e+01,  3.9000e+01,  0.0000e+00,  0.0000e+00,  0.0000e+00,
          0.0000e+00,  0.0000e+00,  6.0000e+01, -1.0000e+00, -1.0000e+00,
         -1.0000e+00, -1.0000e+00, -1.0000e+00,  7.0000e+00,  4.0960e+03],
        [ 1.3000e+01,  1.2000e+01,  0.0000e+00,  0.0000e+00,  0.0000e+00,
          0.0000e+00,  0.0000e+00,  2.2000e+01, -1.0000e+00, -1.0000e+00,
         -1.0000e+00, -1.0000e+00, -1.0000e+00,  1.5000e+01,  2.3040e+03],
        [ 1.7000e+01,  1.6000e+01,  0.0000e+00,  0.0000e+00,  0.0000e+00,
          0.0000e+00,  0.0000e+00,  6.6000e+01, -1.0000e+00, -1.0000e+00,
         -1.0000e+00, -1.0000e+00, -1.0000e+00,  8.3000e+01,  2.0480e+03],
        [ 2.0000e+01,  1.9000e+01,  0.0000e+00,  0.0000e+00,  0.0000e+00,
          0.0000e+00,  0.0000e+00,  2.8000e+01, -1.0000e+00, -1.0000e+00,
         -1.0000e+00, -1.0000e+00, -1.0000e+00,  9.0000e+00,  2.0480e+03],
        [ 6.0000e+00,  5.0000e+00,  0.0000e+00,  0.0000e+00,  0.0000e+00,
          0.0000e+00,  0.0000e+00,  2.0000e+01, -1.0000e+00, -1.0000e+00,
         -1.0000e+00, -1.0000e+00, -1.0000e+00,  8.2000e+01,  1.1520e+03],
        [ 2.3000e+01,  2.2000e+01,  0.0000e+00,  0.0000e+00,  0.0000e+00,
          0.0000e+00,  0.0000e+00,  8.0000e+00, -1.0000e+00, -1.0000e+00,
         -1.0000e+00, -1.0000e+00, -1.0000e+00,  1.8000e+01,  2.0480e+03],
        [ 2.7000e+01,  2.6000e+01,  0.0000e+00,  0.0000e+00,  0.0000e+00,
          0.0000e+00,  0.0000e+00,  2.5000e+01, -1.0000e+00, -1.0000e+00,
         -1.0000e+00, -1.0000e+00, -1.0000e+00,  6.3000e+01,  2.0480e+03],
        [ 1.0000e+01,  9.0000e+00,  0.0000e+00,  0.0000e+00,  0.0000e+00,
          0.0000e+00,  0.0000e+00,  3.7000e+01, -1.0000e+00, -1.0000e+00,
         -1.0000e+00, -1.0000e+00, -1.0000e+00,  5.4000e+01,  1.0240e+03],
        [ 1.4000e+01,  1.3000e+01,  0.0000e+00,  0.0000e+00,  0.0000e+00,
          0.0000e+00,  0.0000e+00,  1.5000e+01, -1.0000e+00, -1.0000e+00,
         -1.0000e+00, -1.0000e+00, -1.0000e+00,  6.2000e+01,  1.0240e+03],
        [ 4.0000e+00,  3.0000e+00,  0.0000e+00,  0.0000e+00,  0.0000e+00,
          0.0000e+00,  0.0000e+00,  6.0000e+00, -1.0000e+00, -1.0000e+00,
         -1.0000e+00, -1.0000e+00, -1.0000e+00,  8.0000e+01,  5.1200e+02],
        [ 7.0000e+00,  6.0000e+00,  0.0000e+00,  0.0000e+00,  0.0000e+00,
          0.0000e+00,  0.0000e+00,  8.2000e+01, -1.0000e+00, -1.0000e+00,
         -1.0000e+00, -1.0000e+00, -1.0000e+00,  5.6000e+01,  5.1200e+02],
        [ 1.1000e+01,  1.0000e+01,  0.0000e+00,  0.0000e+00,  0.0000e+00,
          0.0000e+00,  0.0000e+00,  5.4000e+01, -1.0000e+00, -1.0000e+00,
         -1.0000e+00, -1.0000e+00, -1.0000e+00,  6.7000e+01,  0.0000e+00],
        [ 1.2000e+01,  1.1000e+01,  0.0000e+00,  0.0000e+00,  0.0000e+00,
          0.0000e+00,  0.0000e+00,  6.7000e+01, -1.0000e+00, -1.0000e+00,
         -1.0000e+00, -1.0000e+00, -1.0000e+00,  2.2000e+01,  0.0000e+00],
        [ 1.5000e+01,  1.4000e+01,  0.0000e+00,  0.0000e+00,  0.0000e+00,
          0.0000e+00,  0.0000e+00,  6.2000e+01, -1.0000e+00, -1.0000e+00,
         -1.0000e+00, -1.0000e+00, -1.0000e+00,  7.3000e+01,  0.0000e+00],
        [ 1.8000e+01,  1.7000e+01,  0.0000e+00,  0.0000e+00,  0.0000e+00,
          0.0000e+00,  0.0000e+00,  8.3000e+01, -1.0000e+00, -1.0000e+00,
         -1.0000e+00, -1.0000e+00, -1.0000e+00,  7.9000e+01,  0.0000e+00],
        [ 2.1000e+01,  2.0000e+01,  0.0000e+00,  0.0000e+00,  0.0000e+00,
          0.0000e+00,  0.0000e+00,  9.0000e+00, -1.0000e+00, -1.0000e+00,
         -1.0000e+00, -1.0000e+00, -1.0000e+00,  3.6000e+01,  0.0000e+00],
        [ 2.4000e+01,  2.3000e+01,  0.0000e+00,  0.0000e+00,  0.0000e+00,
          0.0000e+00,  0.0000e+00,  1.8000e+01, -1.0000e+00, -1.0000e+00,
         -1.0000e+00, -1.0000e+00, -1.0000e+00,  7.1000e+01,  0.0000e+00],
        [ 2.5000e+01,  2.4000e+01,  0.0000e+00,  0.0000e+00,  0.0000e+00,
          0.0000e+00,  0.0000e+00,  7.1000e+01, -1.0000e+00, -1.0000e+00,
         -1.0000e+00, -1.0000e+00, -1.0000e+00,  1.3000e+01,  0.0000e+00],
        [ 2.8000e+01,  2.7000e+01,  0.0000e+00,  0.0000e+00,  0.0000e+00,
          0.0000e+00,  0.0000e+00,  6.3000e+01, -1.0000e+00, -1.0000e+00,
         -1.0000e+00, -1.0000e+00, -1.0000e+00,  2.6000e+01,  0.0000e+00],
        [ 3.1000e+01,  3.0000e+01,  0.0000e+00,  0.0000e+00,  0.0000e+00,
          0.0000e+00,  0.0000e+00,  3.0000e+00, -1.0000e+00, -1.0000e+00,
         -1.0000e+00, -1.0000e+00, -1.0000e+00,  3.1000e+01,  0.0000e+00],
        [ 3.4000e+01,  3.3000e+01,  0.0000e+00,  0.0000e+00,  0.0000e+00,
          0.0000e+00,  0.0000e+00,  6.4000e+01, -1.0000e+00, -1.0000e+00,
         -1.0000e+00, -1.0000e+00, -1.0000e+00,  3.5000e+01,  0.0000e+00],
        [ 3.7000e+01,  3.6000e+01,  0.0000e+00,  0.0000e+00,  0.0000e+00,
          0.0000e+00,  0.0000e+00,  1.0000e+01, -1.0000e+00, -1.0000e+00,
         -1.0000e+00, -1.0000e+00, -1.0000e+00,  3.9000e+01,  0.0000e+00],
        [ 3.8000e+01,  3.7000e+01,  0.0000e+00,  0.0000e+00,  0.0000e+00,
          0.0000e+00,  0.0000e+00,  3.9000e+01, -1.0000e+00, -1.0000e+00,
         -1.0000e+00, -1.0000e+00, -1.0000e+00,  5.0000e+01,  0.0000e+00],
        [ 4.1000e+01,  4.0000e+01,  0.0000e+00,  0.0000e+00,  0.0000e+00,
          0.0000e+00,  0.0000e+00,  7.0000e+00, -1.0000e+00, -1.0000e+00,
         -1.0000e+00, -1.0000e+00, -1.0000e+00,  5.7000e+01,  0.0000e+00],
        [ 4.4000e+01,  4.3000e+01,  0.0000e+00,  0.0000e+00,  0.0000e+00,
          0.0000e+00,  0.0000e+00,  5.5000e+01, -1.0000e+00, -1.0000e+00,
         -1.0000e+00, -1.0000e+00, -1.0000e+00,  5.2000e+01,  0.0000e+00],
        [ 4.7000e+01,  4.6000e+01,  0.0000e+00,  0.0000e+00,  0.0000e+00,
          0.0000e+00,  0.0000e+00,  1.2000e+01, -1.0000e+00, -1.0000e+00,
         -1.0000e+00, -1.0000e+00, -1.0000e+00,  5.3000e+01,  0.0000e+00],
        [ 5.0000e+01,  4.9000e+01,  0.0000e+00,  0.0000e+00,  0.0000e+00,
          0.0000e+00,  0.0000e+00,  3.0000e+01, -1.0000e+00, -1.0000e+00,
         -1.0000e+00, -1.0000e+00, -1.0000e+00,  7.2000e+01,  0.0000e+00],
        [ 5.3000e+01,  5.2000e+01,  0.0000e+00,  0.0000e+00,  0.0000e+00,
          0.0000e+00,  0.0000e+00,  3.8000e+01, -1.0000e+00, -1.0000e+00,
         -1.0000e+00, -1.0000e+00, -1.0000e+00,  7.6000e+01,  0.0000e+00],
        [ 5.6000e+01,  5.5000e+01,  0.0000e+00,  0.0000e+00,  0.0000e+00,
          0.0000e+00,  0.0000e+00,  4.9000e+01, -1.0000e+00, -1.0000e+00,
         -1.0000e+00, -1.0000e+00, -1.0000e+00,  1.4000e+01,  0.0000e+00],
        [ 5.9000e+01,  5.8000e+01,  0.0000e+00,  0.0000e+00,  0.0000e+00,
          0.0000e+00,  0.0000e+00,  1.6000e+01, -1.0000e+00, -1.0000e+00,
         -1.0000e+00, -1.0000e+00, -1.0000e+00,  1.1000e+01,  0.0000e+00],
        [ 6.2000e+01,  6.1000e+01,  0.0000e+00,  0.0000e+00,  0.0000e+00,
          0.0000e+00,  0.0000e+00,  7.0000e+01, -1.0000e+00, -1.0000e+00,
         -1.0000e+00, -1.0000e+00, -1.0000e+00,  8.1000e+01,  0.0000e+00],
        [ 6.5000e+01,  6.4000e+01,  0.0000e+00,  0.0000e+00,  0.0000e+00,
          0.0000e+00,  0.0000e+00,  6.1000e+01, -1.0000e+00, -1.0000e+00,
         -1.0000e+00, -1.0000e+00, -1.0000e+00,  4.7000e+01,  0.0000e+00],
        [ 6.8000e+01,  6.7000e+01,  0.0000e+00,  0.0000e+00,  0.0000e+00,
          0.0000e+00,  0.0000e+00,  7.5000e+01, -1.0000e+00, -1.0000e+00,
         -1.0000e+00, -1.0000e+00, -1.0000e+00,  0.0000e+00,  0.0000e+00],
        [ 7.1000e+01,  7.0000e+01,  0.0000e+00,  0.0000e+00,  0.0000e+00,
          0.0000e+00,  0.0000e+00,  4.0000e+00, -1.0000e+00, -1.0000e+00,
         -1.0000e+00, -1.0000e+00, -1.0000e+00,  2.3000e+01,  0.0000e+00],
        [ 7.5000e+01,  7.4000e+01,  0.0000e+00,  0.0000e+00,  0.0000e+00,
          0.0000e+00,  0.0000e+00,  1.9000e+01, -1.0000e+00, -1.0000e+00,
         -1.0000e+00, -1.0000e+00, -1.0000e+00,  5.8000e+01,  0.0000e+00],
        [ 7.4000e+01,  7.3000e+01,  0.0000e+00,  0.0000e+00,  0.0000e+00,
          0.0000e+00,  0.0000e+00,  5.1000e+01, -1.0000e+00, -1.0000e+00,
         -1.0000e+00, -1.0000e+00, -1.0000e+00,  1.9000e+01,  0.0000e+00],
        [ 7.8000e+01,  7.7000e+01,  0.0000e+00,  0.0000e+00,  0.0000e+00,
          0.0000e+00,  0.0000e+00,  2.9000e+01, -1.0000e+00, -1.0000e+00,
         -1.0000e+00, -1.0000e+00, -1.0000e+00,  2.1000e+01,  0.0000e+00],
        [ 8.1000e+01,  8.0000e+01,  0.0000e+00,  0.0000e+00,  0.0000e+00,
          0.0000e+00,  0.0000e+00,  6.9000e+01, -1.0000e+00, -1.0000e+00,
         -1.0000e+00, -1.0000e+00, -1.0000e+00,  1.7000e+01,  0.0000e+00],
        [ 8.4000e+01,  8.3000e+01,  0.0000e+00,  0.0000e+00,  0.0000e+00,
          0.0000e+00,  0.0000e+00,  8.5000e+01, -1.0000e+00, -1.0000e+00,
         -1.0000e+00, -1.0000e+00, -1.0000e+00,  2.0000e+00,  0.0000e+00],
        [ 8.7000e+01,  8.6000e+01,  0.0000e+00,  0.0000e+00,  0.0000e+00,
          0.0000e+00,  0.0000e+00,  3.3000e+01, -1.0000e+00, -1.0000e+00,
         -1.0000e+00, -1.0000e+00, -1.0000e+00,  4.8000e+01,  0.0000e+00],
        [ 8.8000e+01,  8.7000e+01,  0.0000e+00,  0.0000e+00,  0.0000e+00,
          0.0000e+00,  0.0000e+00,  4.8000e+01, -1.0000e+00, -1.0000e+00,
         -1.0000e+00, -1.0000e+00, -1.0000e+00,  3.2000e+01,  0.0000e+00]],
       device='cuda:0')
learning sequence is:
tensor([44., 27., 59., 45., 34., 65., 77.,  1., 40., 78., 20., 74., 87., 84.,
         8., 43., 66., 46., 24., 68., 41., 42.,  5., 69., 85., 33., 86., 37.,
        60., 55., 12., 30., 38., 49., 16., 70., 61., 75.,  4., 51., 29., 28.,
        25.,  6.,  3., 64., 10.,  7., 15., 83.,  9., 82., 18., 63., 54., 62.,
        80., 56., 67., 22., 73., 79., 36., 71., 13., 26., 31., 35., 39., 50.,
        57., 52., 53., 72., 76., 14., 11., 81., 47.,  0., 23., 58., 19., 21.,
        17.,  2., 48., 32.], device='cuda:0')
layer index corresponding:
[('model_0_conv_pw_10_relu',), ('model_0_conv_pw_10',), ('model_0_conv_dw_13_relu',), ('model_0_conv_pw_4_bn',), ('model_0_conv_dw_11_bn',), ('model_0_conv_dw_12',), ('model_0_conv1',), ('model_0_conv_dw_6_bn',), ('model_0_conv_pw_3',), ('model_0_conv_dw_3_bn',), ('model_0_conv_pw_5_bn',), ('model_0_conv_dw_9_relu',), ('model_0_conv_dw_7_bn',), ('model_0_conv_pad_4',), ('model_0_conv_pw_8_relu',), ('model_0_conv_dw_2',), ('model_0_conv_dw_9_bn',), ('model_0_conv_pw_12_relu',), ('model_0_conv_pw_3_bn',), ('model_0_conv_pw_11_relu',), ('model_0_conv1_relu',), ('model_0_conv_dw_12_relu',), ('model_0_conv_pad_2',), ('model_0_conv_dw_11_relu',), ('model_0_conv_dw_8',), ('model_0_conv_dw_4',), ('model_0_conv_dw_4_relu',), ('model_0_input_1',), ('model_0_conv_dw_3',), ('model_0_conv_dw_12_bn',), ('model_0_conv_pw_7_bn',), ('model_0_conv_pw_4_relu',), ('sink',), ('model_0_conv_pw_13_bn',), ('model_0_conv_pw_7',), ('model_0_conv_dw_5_relu',), ('model_0_conv_dw_3_relu',), ('model_0_conv_pw_1',), ('model_0_conv_dw_8_bn',), ('model_0_conv_pw_5_relu',), ('model_0_conv_pw_11',), ('model_0_conv_dw_10',), ('model_0_conv_dw_11',), ('model_0_conv_dw_13',), ('source',), ('model_0_conv_pw_12',), ('model_0_conv_dw_7',), ('model_0_conv_dw_10_relu',), ('model_0_conv_pw_13_relu',), ('model_0_conv_pw_8_bn',), ('model_0_conv_pad_6',), ('model_0_conv_pw_11_bn',), ('model_0_conv_pw_6_relu',), ('model_0_conv_dw_7_relu',), ('model_0_conv_pw_1_bn',), ('model_0_conv_pw_6_bn',), ('model_0_conv_dw_1_bn',), ('model_0_conv_dw_6_relu',), ('model_0_conv_pad_12',), ('model_0_conv_pw_13',), ('model_0_conv_dw_6',), ('model_0_conv_dw_10_bn',), ('model_0_conv_dw_2_bn',), ('model_0_conv_dw_4_bn',), ('model_0_conv_dw_5_bn',), ('model_0_conv_pw_8',), ('model_0_conv_pw_2',), ('model_0_conv_pw_1_relu',), ('model_0_conv_dw_9',), ('model_0_conv_pw_12_bn',), ('model_0_conv_pw_9_bn',), ('model_0_conv_pw_3_relu',), ('model_0_conv_pw_7_relu',), ('model_0_conv_dw_2_relu',), ('model_0_conv_pw_6',), ('model_0_conv_pw_10_bn',), ('model_0_conv_dw_8_relu',), ('model_0_conv_pw_9',), ('model_0_conv_dw_1_relu',), ('model_0_conv_pw_2_relu',), ('model_0_conv1_bn',), ('model_0_conv_pw_9_relu',), ('model_0_conv_dw_1',), ('model_0_conv_pw_2_bn',), ('model_0_conv_pw_4',), ('model_0_conv_dw_13_bn',), ('model_0_conv_dw_5',), ('model_0_conv_pw_5',)]
end
