learning dataset is:
tensor([[ 1.0000e+00,  0.0000e+00,  0.0000e+00,  0.0000e+00,  0.0000e+00,
          0.0000e+00,  0.0000e+00, -1.0000e+00, -1.0000e+00, -1.0000e+00,
         -1.0000e+00, -1.0000e+00, -1.0000e+00,  1.1400e+02,  0.0000e+00],
        [ 3.0000e+00,  2.0000e+00,  0.0000e+00,  0.0000e+00,  0.0000e+00,
          0.0000e+00,  0.0000e+00,  2.8000e+01, -1.0000e+00, -1.0000e+00,
         -1.0000e+00, -1.0000e+00, -1.0000e+00,  3.0200e+02,  0.0000e+00],
        [ 2.0000e+00,  1.0000e+00,  0.0000e+00,  0.0000e+00,  0.0000e+00,
          0.0000e+00,  0.0000e+00,  1.1400e+02, -1.0000e+00, -1.0000e+00,
         -1.0000e+00, -1.0000e+00, -1.0000e+00,  2.8000e+01,  0.0000e+00],
        [ 7.0000e+00,  6.0000e+00,  0.0000e+00,  0.0000e+00,  0.0000e+00,
          0.0000e+00,  0.0000e+00,  1.9400e+02, -1.0000e+00, -1.0000e+00,
         -1.0000e+00, -1.0000e+00, -1.0000e+00,  2.8900e+02,  0.0000e+00],
        [ 6.0000e+00,  5.0000e+00,  0.0000e+00,  0.0000e+00,  0.0000e+00,
          0.0000e+00,  0.0000e+00,  2.9300e+02, -1.0000e+00, -1.0000e+00,
         -1.0000e+00, -1.0000e+00, -1.0000e+00,  1.9400e+02,  0.0000e+00],
        [ 3.1200e+02,  3.1100e+02,  0.0000e+00,  0.0000e+00,  0.0000e+00,
          0.0000e+00,  0.0000e+00,  5.3000e+01, -1.0000e+00, -1.0000e+00,
         -1.0000e+00, -1.0000e+00, -1.0000e+00,  4.0000e+01,  9.4392e+06],
        [ 3.2200e+02,  3.2100e+02,  0.0000e+00,  0.0000e+00,  0.0000e+00,
          0.0000e+00,  0.0000e+00,  1.9100e+02, -1.0000e+00, -1.0000e+00,
         -1.0000e+00, -1.0000e+00, -1.0000e+00,  2.8000e+02,  9.4392e+06],
        [ 3.3200e+02,  3.3100e+02,  0.0000e+00,  0.0000e+00,  0.0000e+00,
          0.0000e+00,  0.0000e+00,  2.4500e+02, -1.0000e+00, -1.0000e+00,
         -1.0000e+00, -1.0000e+00, -1.0000e+00,  1.8200e+02,  9.4392e+06],
        [ 3.0900e+02,  3.0800e+02,  0.0000e+00,  0.0000e+00,  0.0000e+00,
          0.0000e+00,  0.0000e+00,  9.2000e+01, -1.0000e+00, -1.0000e+00,
         -1.0000e+00, -1.0000e+00, -1.0000e+00,  3.3200e+02,  8.3968e+06],
        [ 3.1500e+02,  3.1400e+02,  0.0000e+00,  0.0000e+00,  0.0000e+00,
          0.0000e+00,  0.0000e+00,  9.0000e+01, -1.0000e+00, -1.0000e+00,
         -1.0000e+00, -1.0000e+00, -1.0000e+00,  4.5000e+01,  4.2025e+06],
        [ 3.2500e+02,  3.2400e+02,  0.0000e+00,  0.0000e+00,  0.0000e+00,
          0.0000e+00,  0.0000e+00,  6.9000e+01, -1.0000e+00, -1.0000e+00,
         -1.0000e+00, -1.0000e+00, -1.0000e+00,  1.1900e+02,  4.2025e+06],
        [ 3.3500e+02,  3.3400e+02,  0.0000e+00,  0.0000e+00,  0.0000e+00,
          0.0000e+00,  0.0000e+00,  1.1100e+02, -1.0000e+00, -1.0000e+00,
         -1.0000e+00, -1.0000e+00, -1.0000e+00,  1.7800e+02,  4.2025e+06],
        [ 3.1900e+02,  3.1800e+02,  0.0000e+00,  0.0000e+00,  0.0000e+00,
          0.0000e+00,  0.0000e+00,  2.3200e+02, -1.0000e+00, -1.0000e+00,
         -1.0000e+00, -1.0000e+00, -1.0000e+00,  1.5100e+02,  4.1964e+06],
        [ 3.2900e+02,  3.2800e+02,  0.0000e+00,  0.0000e+00,  0.0000e+00,
          0.0000e+00,  0.0000e+00,  4.3000e+01, -1.0000e+00, -1.0000e+00,
         -1.0000e+00, -1.0000e+00, -1.0000e+00,  3.7000e+01,  4.1964e+06],
        [ 1.4000e+01,  1.3000e+01,  0.0000e+00,  0.0000e+00,  0.0000e+00,
          0.0000e+00,  0.0000e+00,  6.4000e+01, -1.0000e+00, -1.0000e+00,
         -1.0000e+00, -1.0000e+00, -1.0000e+00,  2.7300e+02,  0.0000e+00],
        [ 8.0000e+00,  7.0000e+00,  0.0000e+00,  0.0000e+00,  0.0000e+00,
          0.0000e+00,  0.0000e+00,  2.8900e+02, -1.0000e+00, -1.0000e+00,
         -1.0000e+00, -1.0000e+00, -1.0000e+00,  1.8300e+02,  0.0000e+00],
        [ 8.2000e+01,  8.1000e+01,  0.0000e+00,  0.0000e+00,  0.0000e+00,
          0.0000e+00,  0.0000e+00,  3.2000e+02, -1.0000e+00, -1.0000e+00,
         -1.0000e+00, -1.0000e+00, -1.0000e+00,  2.7500e+02,  2.3603e+06],
        [ 9.2000e+01,  9.1000e+01,  0.0000e+00,  0.0000e+00,  0.0000e+00,
          0.0000e+00,  0.0000e+00,  2.7100e+02, -1.0000e+00, -1.0000e+00,
         -1.0000e+00, -1.0000e+00, -1.0000e+00,  3.1000e+02,  2.3603e+06],
        [ 1.0200e+02,  1.0100e+02,  0.0000e+00,  0.0000e+00,  0.0000e+00,
          0.0000e+00,  0.0000e+00,  3.3900e+02, -1.0000e+00, -1.0000e+00,
         -1.0000e+00, -1.0000e+00, -1.0000e+00,  2.3500e+02,  2.3603e+06],
        [ 1.1200e+02,  1.1100e+02,  0.0000e+00,  0.0000e+00,  0.0000e+00,
          0.0000e+00,  0.0000e+00,  5.8000e+01, -1.0000e+00, -1.0000e+00,
         -1.0000e+00, -1.0000e+00, -1.0000e+00,  3.3000e+02,  2.3603e+06],
        [ 1.2200e+02,  1.2100e+02,  0.0000e+00,  0.0000e+00,  0.0000e+00,
          0.0000e+00,  0.0000e+00,  5.0000e+00, -1.0000e+00, -1.0000e+00,
         -1.0000e+00, -1.0000e+00, -1.0000e+00,  3.5000e+01,  2.3603e+06],
        [ 1.3200e+02,  1.3100e+02,  0.0000e+00,  0.0000e+00,  0.0000e+00,
          0.0000e+00,  0.0000e+00,  1.3300e+02, -1.0000e+00, -1.0000e+00,
         -1.0000e+00, -1.0000e+00, -1.0000e+00,  9.8000e+01,  2.3603e+06],
        [ 1.4200e+02,  1.4100e+02,  0.0000e+00,  0.0000e+00,  0.0000e+00,
          0.0000e+00,  0.0000e+00,  2.0000e+02, -1.0000e+00, -1.0000e+00,
         -1.0000e+00, -1.0000e+00, -1.0000e+00,  1.7600e+02,  2.3603e+06],
        [ 1.5200e+02,  1.5100e+02,  0.0000e+00,  0.0000e+00,  0.0000e+00,
          0.0000e+00,  0.0000e+00,  3.1900e+02, -1.0000e+00, -1.0000e+00,
         -1.0000e+00, -1.0000e+00, -1.0000e+00,  2.0500e+02,  2.3603e+06],
        [ 1.6200e+02,  1.6100e+02,  0.0000e+00,  0.0000e+00,  0.0000e+00,
          0.0000e+00,  0.0000e+00,  1.9000e+01, -1.0000e+00, -1.0000e+00,
         -1.0000e+00, -1.0000e+00, -1.0000e+00,  1.3200e+02,  2.3603e+06],
        [ 1.7200e+02,  1.7100e+02,  0.0000e+00,  0.0000e+00,  0.0000e+00,
          0.0000e+00,  0.0000e+00,  1.8000e+02, -1.0000e+00, -1.0000e+00,
         -1.0000e+00, -1.0000e+00, -1.0000e+00,  2.5300e+02,  2.3603e+06],
        [ 1.8200e+02,  1.8100e+02,  0.0000e+00,  0.0000e+00,  0.0000e+00,
          0.0000e+00,  0.0000e+00,  3.0400e+02, -1.0000e+00, -1.0000e+00,
         -1.0000e+00, -1.0000e+00, -1.0000e+00,  7.7000e+01,  2.3603e+06],
        [ 1.9200e+02,  1.9100e+02,  0.0000e+00,  0.0000e+00,  0.0000e+00,
          0.0000e+00,  0.0000e+00,  8.0000e+00, -1.0000e+00, -1.0000e+00,
         -1.0000e+00, -1.0000e+00, -1.0000e+00,  1.3800e+02,  2.3603e+06],
        [ 2.0200e+02,  2.0100e+02,  0.0000e+00,  0.0000e+00,  0.0000e+00,
          0.0000e+00,  0.0000e+00,  7.0000e+01, -1.0000e+00, -1.0000e+00,
         -1.0000e+00, -1.0000e+00, -1.0000e+00,  5.7000e+01,  2.3603e+06],
        [ 2.1200e+02,  2.1100e+02,  0.0000e+00,  0.0000e+00,  0.0000e+00,
          0.0000e+00,  0.0000e+00,  8.5000e+01, -1.0000e+00, -1.0000e+00,
         -1.0000e+00, -1.0000e+00, -1.0000e+00,  1.6700e+02,  2.3603e+06],
        [ 2.2200e+02,  2.2100e+02,  0.0000e+00,  0.0000e+00,  0.0000e+00,
          0.0000e+00,  0.0000e+00,  1.1600e+02, -1.0000e+00, -1.0000e+00,
         -1.0000e+00, -1.0000e+00, -1.0000e+00,  2.4600e+02,  2.3603e+06],
        [ 2.3200e+02,  2.3100e+02,  0.0000e+00,  0.0000e+00,  0.0000e+00,
          0.0000e+00,  0.0000e+00,  2.8300e+02, -1.0000e+00, -1.0000e+00,
         -1.0000e+00, -1.0000e+00, -1.0000e+00,  1.2900e+02,  2.3603e+06],
        [ 2.4200e+02,  2.4100e+02,  0.0000e+00,  0.0000e+00,  0.0000e+00,
          0.0000e+00,  0.0000e+00,  1.7500e+02, -1.0000e+00, -1.0000e+00,
         -1.0000e+00, -1.0000e+00, -1.0000e+00,  1.1000e+01,  2.3603e+06],
        [ 2.5200e+02,  2.5100e+02,  0.0000e+00,  0.0000e+00,  0.0000e+00,
          0.0000e+00,  0.0000e+00,  1.5500e+02, -1.0000e+00, -1.0000e+00,
         -1.0000e+00, -1.0000e+00, -1.0000e+00,  3.8000e+01,  2.3603e+06],
        [ 2.6200e+02,  2.6100e+02,  0.0000e+00,  0.0000e+00,  0.0000e+00,
          0.0000e+00,  0.0000e+00,  2.1200e+02, -1.0000e+00, -1.0000e+00,
         -1.0000e+00, -1.0000e+00, -1.0000e+00,  2.7700e+02,  2.3603e+06],
        [ 2.7200e+02,  2.7100e+02,  0.0000e+00,  0.0000e+00,  0.0000e+00,
          0.0000e+00,  0.0000e+00,  2.2000e+02, -1.0000e+00, -1.0000e+00,
         -1.0000e+00, -1.0000e+00, -1.0000e+00,  2.0800e+02,  2.3603e+06],
        [ 2.8200e+02,  2.8100e+02,  0.0000e+00,  0.0000e+00,  0.0000e+00,
          0.0000e+00,  0.0000e+00,  6.8000e+01, -1.0000e+00, -1.0000e+00,
         -1.0000e+00, -1.0000e+00, -1.0000e+00,  1.8900e+02,  2.3603e+06],
        [ 2.9200e+02,  2.9100e+02,  0.0000e+00,  0.0000e+00,  0.0000e+00,
          0.0000e+00,  0.0000e+00,  2.6200e+02, -1.0000e+00, -1.0000e+00,
         -1.0000e+00, -1.0000e+00, -1.0000e+00,  3.4000e+01,  2.3603e+06],
        [ 3.0200e+02,  3.0100e+02,  0.0000e+00,  0.0000e+00,  0.0000e+00,
          0.0000e+00,  0.0000e+00,  4.6000e+01, -1.0000e+00, -1.0000e+00,
         -1.0000e+00, -1.0000e+00, -1.0000e+00,  0.0000e+00,  2.3603e+06],
        [ 7.9000e+01,  7.8000e+01,  0.0000e+00,  0.0000e+00,  0.0000e+00,
          0.0000e+00,  0.0000e+00,  1.9900e+02, -1.0000e+00, -1.0000e+00,
         -1.0000e+00, -1.0000e+00, -1.0000e+00,  8.6000e+01,  2.1012e+06],
        [ 3.0900e+02,  3.0800e+02,  0.0000e+00,  0.0000e+00,  0.0000e+00,
          0.0000e+00,  0.0000e+00,  9.2000e+01, -1.0000e+00, -1.0000e+00,
         -1.0000e+00, -1.0000e+00, -1.0000e+00,  4.0000e+00,  2.0992e+06],
        [ 8.5000e+01,  8.4000e+01,  0.0000e+00,  0.0000e+00,  0.0000e+00,
          0.0000e+00,  0.0000e+00,  2.9600e+02, -1.0000e+00, -1.0000e+00,
         -1.0000e+00, -1.0000e+00, -1.0000e+00,  1.9600e+02,  1.0527e+06],
        [ 9.5000e+01,  9.4000e+01,  0.0000e+00,  0.0000e+00,  0.0000e+00,
          0.0000e+00,  0.0000e+00,  9.7000e+01, -1.0000e+00, -1.0000e+00,
         -1.0000e+00, -1.0000e+00, -1.0000e+00,  1.9200e+02,  1.0527e+06],
        [ 1.0500e+02,  1.0400e+02,  0.0000e+00,  0.0000e+00,  0.0000e+00,
          0.0000e+00,  0.0000e+00,  2.0600e+02, -1.0000e+00, -1.0000e+00,
         -1.0000e+00, -1.0000e+00, -1.0000e+00,  3.0800e+02,  1.0527e+06],
        [ 1.1500e+02,  1.1400e+02,  0.0000e+00,  0.0000e+00,  0.0000e+00,
          0.0000e+00,  0.0000e+00,  1.4800e+02, -1.0000e+00, -1.0000e+00,
         -1.0000e+00, -1.0000e+00, -1.0000e+00,  2.6500e+02,  1.0527e+06],
        [ 1.2500e+02,  1.2400e+02,  0.0000e+00,  0.0000e+00,  0.0000e+00,
          0.0000e+00,  0.0000e+00,  8.7000e+01, -1.0000e+00, -1.0000e+00,
         -1.0000e+00, -1.0000e+00, -1.0000e+00,  4.1000e+01,  1.0527e+06],
        [ 1.3500e+02,  1.3400e+02,  0.0000e+00,  0.0000e+00,  0.0000e+00,
          0.0000e+00,  0.0000e+00,  3.2800e+02, -1.0000e+00, -1.0000e+00,
         -1.0000e+00, -1.0000e+00, -1.0000e+00,  1.2300e+02,  1.0527e+06],
        [ 1.4500e+02,  1.4400e+02,  0.0000e+00,  0.0000e+00,  0.0000e+00,
          0.0000e+00,  0.0000e+00,  2.4700e+02, -1.0000e+00, -1.0000e+00,
         -1.0000e+00, -1.0000e+00, -1.0000e+00,  9.0000e+00,  1.0527e+06],
        [ 1.5500e+02,  1.5400e+02,  0.0000e+00,  0.0000e+00,  0.0000e+00,
          0.0000e+00,  0.0000e+00,  1.9500e+02, -1.0000e+00, -1.0000e+00,
         -1.0000e+00, -1.0000e+00, -1.0000e+00,  9.5000e+01,  1.0527e+06],
        [ 8.9000e+01,  8.8000e+01,  0.0000e+00,  0.0000e+00,  0.0000e+00,
          0.0000e+00,  0.0000e+00,  1.1500e+02, -1.0000e+00, -1.0000e+00,
         -1.0000e+00, -1.0000e+00, -1.0000e+00,  1.6000e+02,  1.0496e+06],
        [ 1.6500e+02,  1.6400e+02,  0.0000e+00,  0.0000e+00,  0.0000e+00,
          0.0000e+00,  0.0000e+00,  1.8500e+02, -1.0000e+00, -1.0000e+00,
         -1.0000e+00, -1.0000e+00, -1.0000e+00,  9.9000e+01,  1.0527e+06],
        [ 9.9000e+01,  9.8000e+01,  0.0000e+00,  0.0000e+00,  0.0000e+00,
          0.0000e+00,  0.0000e+00,  2.7600e+02, -1.0000e+00, -1.0000e+00,
         -1.0000e+00, -1.0000e+00, -1.0000e+00,  2.0300e+02,  1.0496e+06],
        [ 1.7500e+02,  1.7400e+02,  0.0000e+00,  0.0000e+00,  0.0000e+00,
          0.0000e+00,  0.0000e+00,  1.8700e+02, -1.0000e+00, -1.0000e+00,
         -1.0000e+00, -1.0000e+00, -1.0000e+00,  2.5000e+02,  1.0527e+06],
        [ 1.0900e+02,  1.0800e+02,  0.0000e+00,  0.0000e+00,  0.0000e+00,
          0.0000e+00,  0.0000e+00,  2.1900e+02, -1.0000e+00, -1.0000e+00,
         -1.0000e+00, -1.0000e+00, -1.0000e+00,  3.0300e+02,  1.0496e+06],
        [ 1.8500e+02,  1.8400e+02,  0.0000e+00,  0.0000e+00,  0.0000e+00,
          0.0000e+00,  0.0000e+00,  2.2600e+02, -1.0000e+00, -1.0000e+00,
         -1.0000e+00, -1.0000e+00, -1.0000e+00,  2.8100e+02,  1.0527e+06],
        [ 1.1900e+02,  1.1800e+02,  0.0000e+00,  0.0000e+00,  0.0000e+00,
          0.0000e+00,  0.0000e+00,  1.6200e+02, -1.0000e+00, -1.0000e+00,
         -1.0000e+00, -1.0000e+00, -1.0000e+00,  1.0500e+02,  1.0496e+06],
        [ 1.9500e+02,  1.9400e+02,  0.0000e+00,  0.0000e+00,  0.0000e+00,
          0.0000e+00,  0.0000e+00,  2.0000e+01, -1.0000e+00, -1.0000e+00,
         -1.0000e+00, -1.0000e+00, -1.0000e+00,  1.2100e+02,  1.0527e+06],
        [ 1.2900e+02,  1.2800e+02,  0.0000e+00,  0.0000e+00,  0.0000e+00,
          0.0000e+00,  0.0000e+00,  3.3300e+02, -1.0000e+00, -1.0000e+00,
         -1.0000e+00, -1.0000e+00, -1.0000e+00,  2.9900e+02,  1.0496e+06],
        [ 2.0500e+02,  2.0400e+02,  0.0000e+00,  0.0000e+00,  0.0000e+00,
          0.0000e+00,  0.0000e+00,  3.3500e+02, -1.0000e+00, -1.0000e+00,
         -1.0000e+00, -1.0000e+00, -1.0000e+00,  1.6100e+02,  1.0527e+06],
        [ 2.1500e+02,  2.1400e+02,  0.0000e+00,  0.0000e+00,  0.0000e+00,
          0.0000e+00,  0.0000e+00,  2.7800e+02, -1.0000e+00, -1.0000e+00,
         -1.0000e+00, -1.0000e+00, -1.0000e+00,  3.1200e+02,  1.0527e+06],
        [ 1.3900e+02,  1.3800e+02,  0.0000e+00,  0.0000e+00,  0.0000e+00,
          0.0000e+00,  0.0000e+00,  1.9800e+02, -1.0000e+00, -1.0000e+00,
         -1.0000e+00, -1.0000e+00, -1.0000e+00,  1.2400e+02,  1.0496e+06],
        [ 2.2500e+02,  2.2400e+02,  0.0000e+00,  0.0000e+00,  0.0000e+00,
          0.0000e+00,  0.0000e+00,  1.5200e+02, -1.0000e+00, -1.0000e+00,
         -1.0000e+00, -1.0000e+00, -1.0000e+00,  2.4300e+02,  1.0527e+06],
        [ 1.4900e+02,  1.4800e+02,  0.0000e+00,  0.0000e+00,  0.0000e+00,
          0.0000e+00,  0.0000e+00,  2.2900e+02, -1.0000e+00, -1.0000e+00,
         -1.0000e+00, -1.0000e+00, -1.0000e+00,  8.9000e+01,  1.0496e+06],
        [ 1.5900e+02,  1.5800e+02,  0.0000e+00,  0.0000e+00,  0.0000e+00,
          0.0000e+00,  0.0000e+00,  1.0000e+00, -1.0000e+00, -1.0000e+00,
         -1.0000e+00, -1.0000e+00, -1.0000e+00,  1.5700e+02,  1.0496e+06],
        [ 1.6900e+02,  1.6800e+02,  0.0000e+00,  0.0000e+00,  0.0000e+00,
          0.0000e+00,  0.0000e+00,  1.6900e+02, -1.0000e+00, -1.0000e+00,
         -1.0000e+00, -1.0000e+00, -1.0000e+00,  1.8400e+02,  1.0496e+06],
        [ 2.3500e+02,  2.3400e+02,  0.0000e+00,  0.0000e+00,  0.0000e+00,
          0.0000e+00,  0.0000e+00,  2.1800e+02, -1.0000e+00, -1.0000e+00,
         -1.0000e+00, -1.0000e+00, -1.0000e+00,  2.3000e+01,  1.0527e+06],
        [ 2.4500e+02,  2.4400e+02,  0.0000e+00,  0.0000e+00,  0.0000e+00,
          0.0000e+00,  0.0000e+00,  3.4500e+02, -1.0000e+00, -1.0000e+00,
         -1.0000e+00, -1.0000e+00, -1.0000e+00,  2.5900e+02,  1.0527e+06],
        [ 1.7900e+02,  1.7800e+02,  0.0000e+00,  0.0000e+00,  0.0000e+00,
          0.0000e+00,  0.0000e+00,  3.4000e+02, -1.0000e+00, -1.0000e+00,
         -1.0000e+00, -1.0000e+00, -1.0000e+00,  2.2400e+02,  1.0496e+06],
        [ 2.5500e+02,  2.5400e+02,  0.0000e+00,  0.0000e+00,  0.0000e+00,
          0.0000e+00,  0.0000e+00,  3.4300e+02, -1.0000e+00, -1.0000e+00,
         -1.0000e+00, -1.0000e+00, -1.0000e+00,  2.3900e+02,  1.0527e+06],
        [ 1.8900e+02,  1.8800e+02,  0.0000e+00,  0.0000e+00,  0.0000e+00,
          0.0000e+00,  0.0000e+00,  1.4200e+02, -1.0000e+00, -1.0000e+00,
         -1.0000e+00, -1.0000e+00, -1.0000e+00,  3.3700e+02,  1.0496e+06],
        [ 1.9900e+02,  1.9800e+02,  0.0000e+00,  0.0000e+00,  0.0000e+00,
          0.0000e+00,  0.0000e+00,  1.4500e+02, -1.0000e+00, -1.0000e+00,
         -1.0000e+00, -1.0000e+00, -1.0000e+00,  2.3100e+02,  1.0496e+06],
        [ 2.6500e+02,  2.6400e+02,  0.0000e+00,  0.0000e+00,  0.0000e+00,
          0.0000e+00,  0.0000e+00,  3.2100e+02, -1.0000e+00, -1.0000e+00,
         -1.0000e+00, -1.0000e+00, -1.0000e+00,  9.6000e+01,  1.0527e+06],
        [ 2.7500e+02,  2.7400e+02,  0.0000e+00,  0.0000e+00,  0.0000e+00,
          0.0000e+00,  0.0000e+00,  3.0100e+02, -1.0000e+00, -1.0000e+00,
         -1.0000e+00, -1.0000e+00, -1.0000e+00,  1.9000e+02,  1.0527e+06],
        [ 2.0900e+02,  2.0800e+02,  0.0000e+00,  0.0000e+00,  0.0000e+00,
          0.0000e+00,  0.0000e+00,  2.7900e+02, -1.0000e+00, -1.0000e+00,
         -1.0000e+00, -1.0000e+00, -1.0000e+00,  2.5600e+02,  1.0496e+06],
        [ 2.8500e+02,  2.8400e+02,  0.0000e+00,  0.0000e+00,  0.0000e+00,
          0.0000e+00,  0.0000e+00,  2.0700e+02, -1.0000e+00, -1.0000e+00,
         -1.0000e+00, -1.0000e+00, -1.0000e+00,  3.3100e+02,  1.0527e+06],
        [ 2.1900e+02,  2.1800e+02,  0.0000e+00,  0.0000e+00,  0.0000e+00,
          0.0000e+00,  0.0000e+00,  3.2200e+02, -1.0000e+00, -1.0000e+00,
         -1.0000e+00, -1.0000e+00, -1.0000e+00,  2.9700e+02,  1.0496e+06],
        [ 2.9500e+02,  2.9400e+02,  0.0000e+00,  0.0000e+00,  0.0000e+00,
          0.0000e+00,  0.0000e+00,  1.3600e+02, -1.0000e+00, -1.0000e+00,
         -1.0000e+00, -1.0000e+00, -1.0000e+00,  2.8600e+02,  1.0527e+06],
        [ 2.2900e+02,  2.2800e+02,  0.0000e+00,  0.0000e+00,  0.0000e+00,
          0.0000e+00,  0.0000e+00,  1.3500e+02, -1.0000e+00, -1.0000e+00,
         -1.0000e+00, -1.0000e+00, -1.0000e+00,  2.6300e+02,  1.0496e+06],
        [ 3.0500e+02,  3.0400e+02,  0.0000e+00,  0.0000e+00,  0.0000e+00,
          0.0000e+00,  0.0000e+00,  6.5000e+01, -1.0000e+00, -1.0000e+00,
         -1.0000e+00, -1.0000e+00, -1.0000e+00,  1.6600e+02,  1.0527e+06],
        [ 2.3900e+02,  2.3800e+02,  0.0000e+00,  0.0000e+00,  0.0000e+00,
          0.0000e+00,  0.0000e+00,  3.0900e+02, -1.0000e+00, -1.0000e+00,
         -1.0000e+00, -1.0000e+00, -1.0000e+00,  1.7900e+02,  1.0496e+06],
        [ 2.4900e+02,  2.4800e+02,  0.0000e+00,  0.0000e+00,  0.0000e+00,
          0.0000e+00,  0.0000e+00,  7.0000e+00, -1.0000e+00, -1.0000e+00,
         -1.0000e+00, -1.0000e+00, -1.0000e+00,  1.1700e+02,  1.0496e+06],
        [ 2.5900e+02,  2.5800e+02,  0.0000e+00,  0.0000e+00,  0.0000e+00,
          0.0000e+00,  0.0000e+00,  7.6000e+01, -1.0000e+00, -1.0000e+00,
         -1.0000e+00, -1.0000e+00, -1.0000e+00,  1.7700e+02,  1.0496e+06],
        [ 2.6900e+02,  2.6800e+02,  0.0000e+00,  0.0000e+00,  0.0000e+00,
          0.0000e+00,  0.0000e+00,  1.5900e+02, -1.0000e+00, -1.0000e+00,
         -1.0000e+00, -1.0000e+00, -1.0000e+00,  1.5800e+02,  1.0496e+06],
        [ 2.7900e+02,  2.7800e+02,  0.0000e+00,  0.0000e+00,  0.0000e+00,
          0.0000e+00,  0.0000e+00,  7.8000e+01, -1.0000e+00, -1.0000e+00,
         -1.0000e+00, -1.0000e+00, -1.0000e+00,  2.6800e+02,  1.0496e+06],
        [ 2.8900e+02,  2.8800e+02,  0.0000e+00,  0.0000e+00,  0.0000e+00,
          0.0000e+00,  0.0000e+00,  6.2000e+01, -1.0000e+00, -1.0000e+00,
         -1.0000e+00, -1.0000e+00, -1.0000e+00,  1.0000e+02,  1.0496e+06],
        [ 2.9900e+02,  2.9800e+02,  0.0000e+00,  0.0000e+00,  0.0000e+00,
          0.0000e+00,  0.0000e+00,  1.8000e+01, -1.0000e+00, -1.0000e+00,
         -1.0000e+00, -1.0000e+00, -1.0000e+00,  1.0300e+02,  1.0496e+06],
        [ 4.2000e+01,  4.1000e+01,  0.0000e+00,  0.0000e+00,  0.0000e+00,
          0.0000e+00,  0.0000e+00,  2.9000e+02, -1.0000e+00, -1.0000e+00,
         -1.0000e+00, -1.0000e+00, -1.0000e+00,  2.8200e+02,  5.9034e+05],
        [ 5.2000e+01,  5.1000e+01,  0.0000e+00,  0.0000e+00,  0.0000e+00,
          0.0000e+00,  0.0000e+00,  7.4000e+01, -1.0000e+00, -1.0000e+00,
         -1.0000e+00, -1.0000e+00, -1.0000e+00,  2.5100e+02,  5.9034e+05],
        [ 6.2000e+01,  6.1000e+01,  0.0000e+00,  0.0000e+00,  0.0000e+00,
          0.0000e+00,  0.0000e+00,  3.0600e+02, -1.0000e+00, -1.0000e+00,
         -1.0000e+00, -1.0000e+00, -1.0000e+00,  1.7100e+02,  5.9034e+05],
        [ 7.2000e+01,  7.1000e+01,  0.0000e+00,  0.0000e+00,  0.0000e+00,
          0.0000e+00,  0.0000e+00,  3.4600e+02, -1.0000e+00, -1.0000e+00,
         -1.0000e+00, -1.0000e+00, -1.0000e+00,  3.3000e+01,  5.9034e+05],
        [ 3.9000e+01,  3.8000e+01,  0.0000e+00,  0.0000e+00,  0.0000e+00,
          0.0000e+00,  0.0000e+00,  2.8700e+02, -1.0000e+00, -1.0000e+00,
         -1.0000e+00, -1.0000e+00, -1.0000e+00,  2.4200e+02,  5.2634e+05],
        [ 7.9000e+01,  7.8000e+01,  0.0000e+00,  0.0000e+00,  0.0000e+00,
          0.0000e+00,  0.0000e+00,  1.9900e+02, -1.0000e+00, -1.0000e+00,
         -1.0000e+00, -1.0000e+00, -1.0000e+00,  2.5200e+02,  5.2531e+05],
        [ 4.5000e+01,  4.4000e+01,  0.0000e+00,  0.0000e+00,  0.0000e+00,
          0.0000e+00,  0.0000e+00,  1.3000e+01, -1.0000e+00, -1.0000e+00,
         -1.0000e+00, -1.0000e+00, -1.0000e+00,  2.0100e+02,  2.6419e+05],
        [ 5.5000e+01,  5.4000e+01,  0.0000e+00,  0.0000e+00,  0.0000e+00,
          0.0000e+00,  0.0000e+00,  2.1300e+02, -1.0000e+00, -1.0000e+00,
         -1.0000e+00, -1.0000e+00, -1.0000e+00,  3.1600e+02,  2.6419e+05],
        [ 6.5000e+01,  6.4000e+01,  0.0000e+00,  0.0000e+00,  0.0000e+00,
          0.0000e+00,  0.0000e+00,  3.1300e+02, -1.0000e+00, -1.0000e+00,
         -1.0000e+00, -1.0000e+00, -1.0000e+00,  2.2300e+02,  2.6419e+05],
        [ 7.5000e+01,  7.4000e+01,  0.0000e+00,  0.0000e+00,  0.0000e+00,
          0.0000e+00,  0.0000e+00,  1.0100e+02, -1.0000e+00, -1.0000e+00,
         -1.0000e+00, -1.0000e+00, -1.0000e+00,  1.7000e+01,  2.6419e+05],
        [ 4.9000e+01,  4.8000e+01,  0.0000e+00,  0.0000e+00,  0.0000e+00,
          0.0000e+00,  0.0000e+00,  2.6100e+02, -1.0000e+00, -1.0000e+00,
         -1.0000e+00, -1.0000e+00, -1.0000e+00,  2.2200e+02,  2.6266e+05],
        [ 5.9000e+01,  5.8000e+01,  0.0000e+00,  0.0000e+00,  0.0000e+00,
          0.0000e+00,  0.0000e+00,  1.9300e+02, -1.0000e+00, -1.0000e+00,
         -1.0000e+00, -1.0000e+00, -1.0000e+00,  2.2800e+02,  2.6266e+05],
        [ 6.9000e+01,  6.8000e+01,  0.0000e+00,  0.0000e+00,  0.0000e+00,
          0.0000e+00,  0.0000e+00,  1.5000e+02, -1.0000e+00, -1.0000e+00,
         -1.0000e+00, -1.0000e+00, -1.0000e+00,  4.2000e+01,  2.6266e+05],
        [ 1.2000e+01,  1.1000e+01,  0.0000e+00,  0.0000e+00,  0.0000e+00,
          0.0000e+00,  0.0000e+00,  9.1000e+01, -1.0000e+00, -1.0000e+00,
         -1.0000e+00, -1.0000e+00, -1.0000e+00,  5.6000e+01,  1.4771e+05],
        [ 2.2000e+01,  2.1000e+01,  0.0000e+00,  0.0000e+00,  0.0000e+00,
          0.0000e+00,  0.0000e+00,  3.2700e+02, -1.0000e+00, -1.0000e+00,
         -1.0000e+00, -1.0000e+00, -1.0000e+00,  1.9700e+02,  1.4771e+05],
        [ 3.2000e+01,  3.1000e+01,  0.0000e+00,  0.0000e+00,  0.0000e+00,
          0.0000e+00,  0.0000e+00,  1.0200e+02, -1.0000e+00, -1.0000e+00,
         -1.0000e+00, -1.0000e+00, -1.0000e+00,  2.9400e+02,  1.4771e+05],
        [ 3.9000e+01,  3.8000e+01,  0.0000e+00,  0.0000e+00,  0.0000e+00,
          0.0000e+00,  0.0000e+00,  2.8700e+02, -1.0000e+00, -1.0000e+00,
         -1.0000e+00, -1.0000e+00, -1.0000e+00,  2.2700e+02,  1.3158e+05],
        [ 9.0000e+00,  8.0000e+00,  0.0000e+00,  0.0000e+00,  0.0000e+00,
          0.0000e+00,  0.0000e+00,  1.8300e+02, -1.0000e+00, -1.0000e+00,
         -1.0000e+00, -1.0000e+00, -1.0000e+00,  3.1700e+02,  6.6560e+04],
        [ 1.5000e+01,  1.4000e+01,  0.0000e+00,  0.0000e+00,  0.0000e+00,
          0.0000e+00,  0.0000e+00,  2.7300e+02, -1.0000e+00, -1.0000e+00,
         -1.0000e+00, -1.0000e+00, -1.0000e+00,  1.3400e+02,  6.6560e+04],
        [ 2.5000e+01,  2.4000e+01,  0.0000e+00,  0.0000e+00,  0.0000e+00,
          0.0000e+00,  0.0000e+00,  1.7200e+02, -1.0000e+00, -1.0000e+00,
         -1.0000e+00, -1.0000e+00, -1.0000e+00,  7.3000e+01,  6.6560e+04],
        [ 1.9000e+01,  1.8000e+01,  0.0000e+00,  0.0000e+00,  0.0000e+00,
          0.0000e+00,  0.0000e+00,  1.5000e+01, -1.0000e+00, -1.0000e+00,
         -1.0000e+00, -1.0000e+00, -1.0000e+00,  1.8800e+02,  6.5792e+04],
        [ 3.5000e+01,  3.4000e+01,  0.0000e+00,  0.0000e+00,  0.0000e+00,
          0.0000e+00,  0.0000e+00,  2.2000e+01, -1.0000e+00, -1.0000e+00,
         -1.0000e+00, -1.0000e+00, -1.0000e+00,  1.0000e+01,  6.6560e+04],
        [ 2.9000e+01,  2.8000e+01,  0.0000e+00,  0.0000e+00,  0.0000e+00,
          0.0000e+00,  0.0000e+00,  8.3000e+01, -1.0000e+00, -1.0000e+00,
         -1.0000e+00, -1.0000e+00, -1.0000e+00,  1.4400e+02,  6.5792e+04],
        [ 4.0000e+00,  3.0000e+00,  0.0000e+00,  0.0000e+00,  0.0000e+00,
          0.0000e+00,  0.0000e+00,  3.0200e+02, -1.0000e+00, -1.0000e+00,
         -1.0000e+00, -1.0000e+00, -1.0000e+00,  2.3700e+02,  3.7888e+04],
        [ 3.1000e+02,  3.0900e+02,  0.0000e+00,  0.0000e+00,  0.0000e+00,
          0.0000e+00,  0.0000e+00,  3.3200e+02, -1.0000e+00, -1.0000e+00,
         -1.0000e+00, -1.0000e+00, -1.0000e+00,  2.3600e+02,  3.2768e+04],
        [ 3.1600e+02,  3.1500e+02,  0.0000e+00,  0.0000e+00,  0.0000e+00,
          0.0000e+00,  0.0000e+00,  4.5000e+01, -1.0000e+00, -1.0000e+00,
         -1.0000e+00, -1.0000e+00, -1.0000e+00,  3.0700e+02,  3.2768e+04],
        [ 3.2600e+02,  3.2500e+02,  0.0000e+00,  0.0000e+00,  0.0000e+00,
          0.0000e+00,  0.0000e+00,  1.1900e+02, -1.0000e+00, -1.0000e+00,
         -1.0000e+00, -1.0000e+00, -1.0000e+00,  1.8600e+02,  3.2768e+04],
        [ 3.3600e+02,  3.3500e+02,  0.0000e+00,  0.0000e+00,  0.0000e+00,
          0.0000e+00,  0.0000e+00,  1.7800e+02, -1.0000e+00, -1.0000e+00,
         -1.0000e+00, -1.0000e+00, -1.0000e+00,  2.1500e+02,  3.2768e+04],
        [ 9.0000e+00,  8.0000e+00,  0.0000e+00,  0.0000e+00,  0.0000e+00,
          0.0000e+00,  0.0000e+00,  1.8300e+02, -1.0000e+00, -1.0000e+00,
         -1.0000e+00, -1.0000e+00, -1.0000e+00,  2.4900e+02,  1.6640e+04],
        [ 8.6000e+01,  8.5000e+01,  0.0000e+00,  0.0000e+00,  0.0000e+00,
          0.0000e+00,  0.0000e+00,  1.9600e+02, -1.0000e+00, -1.0000e+00,
         -1.0000e+00, -1.0000e+00, -1.0000e+00,  2.5700e+02,  1.6384e+04],
        [ 8.0000e+01,  7.9000e+01,  0.0000e+00,  0.0000e+00,  0.0000e+00,
          0.0000e+00,  0.0000e+00,  8.6000e+01, -1.0000e+00, -1.0000e+00,
         -1.0000e+00, -1.0000e+00, -1.0000e+00,  3.2000e+01,  1.6384e+04],
        [ 9.6000e+01,  9.5000e+01,  0.0000e+00,  0.0000e+00,  0.0000e+00,
          0.0000e+00,  0.0000e+00,  1.9200e+02, -1.0000e+00, -1.0000e+00,
         -1.0000e+00, -1.0000e+00, -1.0000e+00,  5.9000e+01,  1.6384e+04],
        [ 1.0600e+02,  1.0500e+02,  0.0000e+00,  0.0000e+00,  0.0000e+00,
          0.0000e+00,  0.0000e+00,  3.0800e+02, -1.0000e+00, -1.0000e+00,
         -1.0000e+00, -1.0000e+00, -1.0000e+00,  2.7000e+01,  1.6384e+04],
        [ 1.1600e+02,  1.1500e+02,  0.0000e+00,  0.0000e+00,  0.0000e+00,
          0.0000e+00,  0.0000e+00,  2.6500e+02, -1.0000e+00, -1.0000e+00,
         -1.0000e+00, -1.0000e+00, -1.0000e+00,  1.4900e+02,  1.6384e+04],
        [ 1.2600e+02,  1.2500e+02,  0.0000e+00,  0.0000e+00,  0.0000e+00,
          0.0000e+00,  0.0000e+00,  4.1000e+01, -1.0000e+00, -1.0000e+00,
         -1.0000e+00, -1.0000e+00, -1.0000e+00,  2.3400e+02,  1.6384e+04],
        [ 1.3600e+02,  1.3500e+02,  0.0000e+00,  0.0000e+00,  0.0000e+00,
          0.0000e+00,  0.0000e+00,  1.2300e+02, -1.0000e+00, -1.0000e+00,
         -1.0000e+00, -1.0000e+00, -1.0000e+00,  3.2500e+02,  1.6384e+04],
        [ 1.4600e+02,  1.4500e+02,  0.0000e+00,  0.0000e+00,  0.0000e+00,
          0.0000e+00,  0.0000e+00,  9.0000e+00, -1.0000e+00, -1.0000e+00,
         -1.0000e+00, -1.0000e+00, -1.0000e+00,  1.2500e+02,  1.6384e+04],
        [ 1.6600e+02,  1.6500e+02,  0.0000e+00,  0.0000e+00,  0.0000e+00,
          0.0000e+00,  0.0000e+00,  9.9000e+01, -1.0000e+00, -1.0000e+00,
         -1.0000e+00, -1.0000e+00, -1.0000e+00,  3.2400e+02,  1.6384e+04],
        [ 1.5600e+02,  1.5500e+02,  0.0000e+00,  0.0000e+00,  0.0000e+00,
          0.0000e+00,  0.0000e+00,  9.5000e+01, -1.0000e+00, -1.0000e+00,
         -1.0000e+00, -1.0000e+00, -1.0000e+00,  6.0000e+00,  1.6384e+04],
        [ 1.7600e+02,  1.7500e+02,  0.0000e+00,  0.0000e+00,  0.0000e+00,
          0.0000e+00,  0.0000e+00,  2.5000e+02, -1.0000e+00, -1.0000e+00,
         -1.0000e+00, -1.0000e+00, -1.0000e+00,  2.2500e+02,  1.6384e+04],
        [ 1.8600e+02,  1.8500e+02,  0.0000e+00,  0.0000e+00,  0.0000e+00,
          0.0000e+00,  0.0000e+00,  2.8100e+02, -1.0000e+00, -1.0000e+00,
         -1.0000e+00, -1.0000e+00, -1.0000e+00,  8.1000e+01,  1.6384e+04],
        [ 1.9600e+02,  1.9500e+02,  0.0000e+00,  0.0000e+00,  0.0000e+00,
          0.0000e+00,  0.0000e+00,  1.2100e+02, -1.0000e+00, -1.0000e+00,
         -1.0000e+00, -1.0000e+00, -1.0000e+00,  1.3900e+02,  1.6384e+04],
        [ 2.0600e+02,  2.0500e+02,  0.0000e+00,  0.0000e+00,  0.0000e+00,
          0.0000e+00,  0.0000e+00,  1.6100e+02, -1.0000e+00, -1.0000e+00,
         -1.0000e+00, -1.0000e+00, -1.0000e+00,  1.0800e+02,  1.6384e+04],
        [ 4.0000e+01,  3.9000e+01,  0.0000e+00,  0.0000e+00,  0.0000e+00,
          0.0000e+00,  0.0000e+00,  2.4200e+02, -1.0000e+00, -1.0000e+00,
         -1.0000e+00, -1.0000e+00, -1.0000e+00,  2.8400e+02,  8.1920e+03],
        [ 4.6000e+01,  4.5000e+01,  0.0000e+00,  0.0000e+00,  0.0000e+00,
          0.0000e+00,  0.0000e+00,  2.0100e+02, -1.0000e+00, -1.0000e+00,
         -1.0000e+00, -1.0000e+00, -1.0000e+00,  2.3800e+02,  8.1920e+03],
        [ 2.1600e+02,  2.1500e+02,  0.0000e+00,  0.0000e+00,  0.0000e+00,
          0.0000e+00,  0.0000e+00,  3.1200e+02, -1.0000e+00, -1.0000e+00,
         -1.0000e+00, -1.0000e+00, -1.0000e+00,  5.5000e+01,  1.6384e+04],
        [ 2.2600e+02,  2.2500e+02,  0.0000e+00,  0.0000e+00,  0.0000e+00,
          0.0000e+00,  0.0000e+00,  2.4300e+02, -1.0000e+00, -1.0000e+00,
         -1.0000e+00, -1.0000e+00, -1.0000e+00,  1.3700e+02,  1.6384e+04],
        [ 5.6000e+01,  5.5000e+01,  0.0000e+00,  0.0000e+00,  0.0000e+00,
          0.0000e+00,  0.0000e+00,  3.1600e+02, -1.0000e+00, -1.0000e+00,
         -1.0000e+00, -1.0000e+00, -1.0000e+00,  1.4300e+02,  8.1920e+03],
        [ 2.3600e+02,  2.3500e+02,  0.0000e+00,  0.0000e+00,  0.0000e+00,
          0.0000e+00,  0.0000e+00,  2.3000e+01, -1.0000e+00, -1.0000e+00,
         -1.0000e+00, -1.0000e+00, -1.0000e+00,  2.1400e+02,  1.6384e+04],
        [ 6.6000e+01,  6.5000e+01,  0.0000e+00,  0.0000e+00,  0.0000e+00,
          0.0000e+00,  0.0000e+00,  2.2300e+02, -1.0000e+00, -1.0000e+00,
         -1.0000e+00, -1.0000e+00, -1.0000e+00,  1.4100e+02,  8.1920e+03],
        [ 7.6000e+01,  7.5000e+01,  0.0000e+00,  0.0000e+00,  0.0000e+00,
          0.0000e+00,  0.0000e+00,  1.7000e+01, -1.0000e+00, -1.0000e+00,
         -1.0000e+00, -1.0000e+00, -1.0000e+00,  1.4000e+02,  8.1920e+03],
        [ 2.4600e+02,  2.4500e+02,  0.0000e+00,  0.0000e+00,  0.0000e+00,
          0.0000e+00,  0.0000e+00,  2.5900e+02, -1.0000e+00, -1.0000e+00,
         -1.0000e+00, -1.0000e+00, -1.0000e+00,  5.1000e+01,  1.6384e+04],
        [ 2.5600e+02,  2.5500e+02,  0.0000e+00,  0.0000e+00,  0.0000e+00,
          0.0000e+00,  0.0000e+00,  2.3900e+02, -1.0000e+00, -1.0000e+00,
         -1.0000e+00, -1.0000e+00, -1.0000e+00,  3.2900e+02,  1.6384e+04],
        [ 2.6600e+02,  2.6500e+02,  0.0000e+00,  0.0000e+00,  0.0000e+00,
          0.0000e+00,  0.0000e+00,  9.6000e+01, -1.0000e+00, -1.0000e+00,
         -1.0000e+00, -1.0000e+00, -1.0000e+00,  1.5400e+02,  1.6384e+04],
        [ 1.0000e+01,  9.0000e+00,  0.0000e+00,  0.0000e+00,  0.0000e+00,
          0.0000e+00,  0.0000e+00,  3.1700e+02, -1.0000e+00, -1.0000e+00,
         -1.0000e+00, -1.0000e+00, -1.0000e+00,  1.0900e+02,  4.0960e+03],
        [ 2.7600e+02,  2.7500e+02,  0.0000e+00,  0.0000e+00,  0.0000e+00,
          0.0000e+00,  0.0000e+00,  1.9000e+02, -1.0000e+00, -1.0000e+00,
         -1.0000e+00, -1.0000e+00, -1.0000e+00,  2.5500e+02,  1.6384e+04],
        [ 1.6000e+01,  1.5000e+01,  0.0000e+00,  0.0000e+00,  0.0000e+00,
          0.0000e+00,  0.0000e+00,  1.3400e+02, -1.0000e+00, -1.0000e+00,
         -1.0000e+00, -1.0000e+00, -1.0000e+00,  3.6000e+01,  4.0960e+03],
        [ 2.6000e+01,  2.5000e+01,  0.0000e+00,  0.0000e+00,  0.0000e+00,
          0.0000e+00,  0.0000e+00,  7.3000e+01, -1.0000e+00, -1.0000e+00,
         -1.0000e+00, -1.0000e+00, -1.0000e+00,  3.0000e+01,  4.0960e+03],
        [ 2.8600e+02,  2.8500e+02,  0.0000e+00,  0.0000e+00,  0.0000e+00,
          0.0000e+00,  0.0000e+00,  3.3100e+02, -1.0000e+00, -1.0000e+00,
         -1.0000e+00, -1.0000e+00, -1.0000e+00,  8.0000e+01,  1.6384e+04],
        [ 3.6000e+01,  3.5000e+01,  0.0000e+00,  0.0000e+00,  0.0000e+00,
          0.0000e+00,  0.0000e+00,  1.0000e+01, -1.0000e+00, -1.0000e+00,
         -1.0000e+00, -1.0000e+00, -1.0000e+00,  1.4700e+02,  4.0960e+03],
        [ 2.9600e+02,  2.9500e+02,  0.0000e+00,  0.0000e+00,  0.0000e+00,
          0.0000e+00,  0.0000e+00,  2.8600e+02, -1.0000e+00, -1.0000e+00,
         -1.0000e+00, -1.0000e+00, -1.0000e+00,  7.1000e+01,  1.6384e+04],
        [ 3.0600e+02,  3.0500e+02,  0.0000e+00,  0.0000e+00,  0.0000e+00,
          0.0000e+00,  0.0000e+00,  1.6600e+02, -1.0000e+00, -1.0000e+00,
         -1.0000e+00, -1.0000e+00, -1.0000e+00,  2.6000e+02,  1.6384e+04],
        [ 5.0000e+00,  4.0000e+00,  0.0000e+00,  0.0000e+00,  0.0000e+00,
          0.0000e+00,  0.0000e+00,  2.3700e+02, -1.0000e+00, -1.0000e+00,
         -1.0000e+00, -1.0000e+00, -1.0000e+00,  2.9300e+02,  1.0240e+03],
        [ 4.0000e+01,  3.9000e+01,  0.0000e+00,  0.0000e+00,  0.0000e+00,
          0.0000e+00,  0.0000e+00,  2.2700e+02, -1.0000e+00, -1.0000e+00,
         -1.0000e+00, -1.0000e+00, -1.0000e+00,  3.1500e+02,  2.0480e+03],
        [ 1.0000e+01,  9.0000e+00,  0.0000e+00,  0.0000e+00,  0.0000e+00,
          0.0000e+00,  0.0000e+00,  2.4900e+02, -1.0000e+00, -1.0000e+00,
         -1.0000e+00, -1.0000e+00, -1.0000e+00,  6.0000e+01,  1.0240e+03],
        [ 8.0000e+01,  7.9000e+01,  0.0000e+00,  0.0000e+00,  0.0000e+00,
          0.0000e+00,  0.0000e+00,  2.5200e+02, -1.0000e+00, -1.0000e+00,
         -1.0000e+00, -1.0000e+00, -1.0000e+00,  2.0400e+02,  4.0960e+03],
        [ 1.3000e+01,  1.2000e+01,  0.0000e+00,  0.0000e+00,  0.0000e+00,
          0.0000e+00,  0.0000e+00,  5.6000e+01, -1.0000e+00, -1.0000e+00,
         -1.0000e+00, -1.0000e+00, -1.0000e+00,  6.4000e+01,  1.0240e+03],
        [ 8.3000e+01,  8.2000e+01,  0.0000e+00,  0.0000e+00,  0.0000e+00,
          0.0000e+00,  0.0000e+00,  2.7500e+02, -1.0000e+00, -1.0000e+00,
         -1.0000e+00, -1.0000e+00, -1.0000e+00,  2.4800e+02,  4.0960e+03],
        [ 2.0000e+01,  1.9000e+01,  0.0000e+00,  0.0000e+00,  0.0000e+00,
          0.0000e+00,  0.0000e+00,  1.8800e+02, -1.0000e+00, -1.0000e+00,
         -1.0000e+00, -1.0000e+00, -1.0000e+00,  2.1100e+02,  1.0240e+03],
        [ 2.3000e+01,  2.2000e+01,  0.0000e+00,  0.0000e+00,  0.0000e+00,
          0.0000e+00,  0.0000e+00,  1.9700e+02, -1.0000e+00, -1.0000e+00,
         -1.0000e+00, -1.0000e+00, -1.0000e+00,  1.6500e+02,  1.0240e+03],
        [ 4.3000e+01,  4.2000e+01,  0.0000e+00,  0.0000e+00,  0.0000e+00,
          0.0000e+00,  0.0000e+00,  2.8200e+02, -1.0000e+00, -1.0000e+00,
         -1.0000e+00, -1.0000e+00, -1.0000e+00,  1.1300e+02,  2.0480e+03],
        [ 9.0000e+01,  8.9000e+01,  0.0000e+00,  0.0000e+00,  0.0000e+00,
          0.0000e+00,  0.0000e+00,  1.6000e+02, -1.0000e+00, -1.0000e+00,
         -1.0000e+00, -1.0000e+00, -1.0000e+00,  8.8000e+01,  4.0960e+03],
        [ 3.0000e+01,  2.9000e+01,  0.0000e+00,  0.0000e+00,  0.0000e+00,
          0.0000e+00,  0.0000e+00,  1.4400e+02, -1.0000e+00, -1.0000e+00,
         -1.0000e+00, -1.0000e+00, -1.0000e+00,  2.2100e+02,  1.0240e+03],
        [ 5.3000e+01,  5.2000e+01,  0.0000e+00,  0.0000e+00,  0.0000e+00,
          0.0000e+00,  0.0000e+00,  2.5100e+02, -1.0000e+00, -1.0000e+00,
         -1.0000e+00, -1.0000e+00, -1.0000e+00,  2.1700e+02,  2.0480e+03],
        [ 9.3000e+01,  9.2000e+01,  0.0000e+00,  0.0000e+00,  0.0000e+00,
          0.0000e+00,  0.0000e+00,  3.1000e+02, -1.0000e+00, -1.0000e+00,
         -1.0000e+00, -1.0000e+00, -1.0000e+00,  4.8000e+01,  4.0960e+03],
        [ 1.0300e+02,  1.0200e+02,  0.0000e+00,  0.0000e+00,  0.0000e+00,
          0.0000e+00,  0.0000e+00,  2.3500e+02, -1.0000e+00, -1.0000e+00,
         -1.0000e+00, -1.0000e+00, -1.0000e+00,  3.3800e+02,  4.0960e+03],
        [ 5.0000e+01,  4.9000e+01,  0.0000e+00,  0.0000e+00,  0.0000e+00,
          0.0000e+00,  0.0000e+00,  2.2200e+02, -1.0000e+00, -1.0000e+00,
         -1.0000e+00, -1.0000e+00, -1.0000e+00,  2.1000e+01,  2.0480e+03],
        [ 6.0000e+01,  5.9000e+01,  0.0000e+00,  0.0000e+00,  0.0000e+00,
          0.0000e+00,  0.0000e+00,  2.2800e+02, -1.0000e+00, -1.0000e+00,
         -1.0000e+00, -1.0000e+00, -1.0000e+00,  3.2300e+02,  2.0480e+03],
        [ 1.1000e+01,  1.0000e+01,  0.0000e+00,  0.0000e+00,  0.0000e+00,
          0.0000e+00,  0.0000e+00,  6.0000e+01, -1.0000e+00, -1.0000e+00,
         -1.0000e+00, -1.0000e+00, -1.0000e+00,  9.1000e+01,  0.0000e+00],
        [ 1.0000e+02,  9.9000e+01,  0.0000e+00,  0.0000e+00,  0.0000e+00,
          0.0000e+00,  0.0000e+00,  2.0300e+02, -1.0000e+00, -1.0000e+00,
         -1.0000e+00, -1.0000e+00, -1.0000e+00,  1.8100e+02,  4.0960e+03],
        [ 3.3000e+01,  3.2000e+01,  0.0000e+00,  0.0000e+00,  0.0000e+00,
          0.0000e+00,  0.0000e+00,  2.9400e+02, -1.0000e+00, -1.0000e+00,
         -1.0000e+00, -1.0000e+00, -1.0000e+00,  6.1000e+01,  1.0240e+03],
        [ 2.1000e+01,  2.0000e+01,  0.0000e+00,  0.0000e+00,  0.0000e+00,
          0.0000e+00,  0.0000e+00,  2.1100e+02, -1.0000e+00, -1.0000e+00,
         -1.0000e+00, -1.0000e+00, -1.0000e+00,  3.2700e+02,  0.0000e+00],
        [ 1.1000e+02,  1.0900e+02,  0.0000e+00,  0.0000e+00,  0.0000e+00,
          0.0000e+00,  0.0000e+00,  3.0300e+02, -1.0000e+00, -1.0000e+00,
         -1.0000e+00, -1.0000e+00, -1.0000e+00,  2.1000e+02,  4.0960e+03],
        [ 7.3000e+01,  7.2000e+01,  0.0000e+00,  0.0000e+00,  0.0000e+00,
          0.0000e+00,  0.0000e+00,  3.3000e+01, -1.0000e+00, -1.0000e+00,
         -1.0000e+00, -1.0000e+00, -1.0000e+00,  3.4400e+02,  2.0480e+03],
        [ 1.8000e+01,  1.7000e+01,  0.0000e+00,  0.0000e+00,  0.0000e+00,
          0.0000e+00,  0.0000e+00,  2.6600e+02, -1.0000e+00, -1.0000e+00,
         -1.0000e+00, -1.0000e+00, -1.0000e+00,  1.5000e+01,  0.0000e+00],
        [ 2.4000e+01,  2.3000e+01,  0.0000e+00,  0.0000e+00,  0.0000e+00,
          0.0000e+00,  0.0000e+00,  1.6500e+02, -1.0000e+00, -1.0000e+00,
         -1.0000e+00, -1.0000e+00, -1.0000e+00,  1.7200e+02,  0.0000e+00],
        [ 6.3000e+01,  6.2000e+01,  0.0000e+00,  0.0000e+00,  0.0000e+00,
          0.0000e+00,  0.0000e+00,  1.7100e+02, -1.0000e+00, -1.0000e+00,
         -1.0000e+00, -1.0000e+00, -1.0000e+00,  1.6000e+01,  2.0480e+03],
        [ 2.7000e+01,  1.8000e+01,  2.6000e+01,  0.0000e+00,  0.0000e+00,
          0.0000e+00,  0.0000e+00,  1.5000e+01,  3.0000e+01, -1.0000e+00,
         -1.0000e+00, -1.0000e+00, -1.0000e+00,  6.7000e+01,  0.0000e+00],
        [ 2.8000e+01,  2.7000e+01,  0.0000e+00,  0.0000e+00,  0.0000e+00,
          0.0000e+00,  0.0000e+00,  6.7000e+01, -1.0000e+00, -1.0000e+00,
         -1.0000e+00, -1.0000e+00, -1.0000e+00,  8.3000e+01,  0.0000e+00],
        [ 7.0000e+01,  6.9000e+01,  0.0000e+00,  0.0000e+00,  0.0000e+00,
          0.0000e+00,  0.0000e+00,  4.2000e+01, -1.0000e+00, -1.0000e+00,
         -1.0000e+00, -1.0000e+00, -1.0000e+00,  2.4000e+01,  2.0480e+03],
        [ 3.7000e+01,  2.8000e+01,  3.6000e+01,  0.0000e+00,  0.0000e+00,
          0.0000e+00,  0.0000e+00,  8.3000e+01,  1.4700e+02, -1.0000e+00,
         -1.0000e+00, -1.0000e+00, -1.0000e+00,  3.2600e+02,  0.0000e+00],
        [ 1.1300e+02,  1.1200e+02,  0.0000e+00,  0.0000e+00,  0.0000e+00,
          0.0000e+00,  0.0000e+00,  3.3000e+02, -1.0000e+00, -1.0000e+00,
         -1.0000e+00, -1.0000e+00, -1.0000e+00,  2.0000e+00,  4.0960e+03],
        [ 3.1000e+01,  3.0000e+01,  0.0000e+00,  0.0000e+00,  0.0000e+00,
          0.0000e+00,  0.0000e+00,  2.2100e+02, -1.0000e+00, -1.0000e+00,
         -1.0000e+00, -1.0000e+00, -1.0000e+00,  1.0200e+02,  0.0000e+00],
        [ 1.2000e+02,  1.1900e+02,  0.0000e+00,  0.0000e+00,  0.0000e+00,
          0.0000e+00,  0.0000e+00,  1.0500e+02, -1.0000e+00, -1.0000e+00,
         -1.0000e+00, -1.0000e+00, -1.0000e+00,  1.2600e+02,  4.0960e+03],
        [ 3.8000e+01,  3.7000e+01,  0.0000e+00,  0.0000e+00,  0.0000e+00,
          0.0000e+00,  0.0000e+00,  3.2600e+02, -1.0000e+00, -1.0000e+00,
         -1.0000e+00, -1.0000e+00, -1.0000e+00,  2.8700e+02,  0.0000e+00],
        [ 4.1000e+01,  4.0000e+01,  0.0000e+00,  0.0000e+00,  0.0000e+00,
          0.0000e+00,  0.0000e+00,  3.1500e+02, -1.0000e+00, -1.0000e+00,
         -1.0000e+00, -1.0000e+00, -1.0000e+00,  2.9000e+02,  0.0000e+00],
        [ 1.2300e+02,  1.2200e+02,  0.0000e+00,  0.0000e+00,  0.0000e+00,
          0.0000e+00,  0.0000e+00,  3.5000e+01, -1.0000e+00, -1.0000e+00,
         -1.0000e+00, -1.0000e+00, -1.0000e+00,  9.3000e+01,  4.0960e+03],
        [ 3.4000e+01,  3.3000e+01,  0.0000e+00,  0.0000e+00,  0.0000e+00,
          0.0000e+00,  0.0000e+00,  6.1000e+01, -1.0000e+00, -1.0000e+00,
         -1.0000e+00, -1.0000e+00, -1.0000e+00,  2.2000e+01,  0.0000e+00],
        [ 1.7000e+01,  1.0000e+01,  1.6000e+01,  0.0000e+00,  0.0000e+00,
          0.0000e+00,  0.0000e+00,  1.0900e+02,  3.6000e+01, -1.0000e+00,
         -1.0000e+00, -1.0000e+00, -1.0000e+00,  2.6600e+02,  0.0000e+00],
        [ 4.8000e+01,  4.7000e+01,  0.0000e+00,  0.0000e+00,  0.0000e+00,
          0.0000e+00,  0.0000e+00,  8.4000e+01, -1.0000e+00, -1.0000e+00,
         -1.0000e+00, -1.0000e+00, -1.0000e+00,  2.6100e+02,  0.0000e+00],
        [ 1.3300e+02,  1.3200e+02,  0.0000e+00,  0.0000e+00,  0.0000e+00,
          0.0000e+00,  0.0000e+00,  9.8000e+01, -1.0000e+00, -1.0000e+00,
         -1.0000e+00, -1.0000e+00, -1.0000e+00,  1.2700e+02,  4.0960e+03],
        [ 1.3000e+02,  1.2900e+02,  0.0000e+00,  0.0000e+00,  0.0000e+00,
          0.0000e+00,  0.0000e+00,  2.9900e+02, -1.0000e+00, -1.0000e+00,
         -1.0000e+00, -1.0000e+00, -1.0000e+00,  4.4000e+01,  4.0960e+03],
        [ 4.4000e+01,  4.3000e+01,  0.0000e+00,  0.0000e+00,  0.0000e+00,
          0.0000e+00,  0.0000e+00,  1.1300e+02, -1.0000e+00, -1.0000e+00,
         -1.0000e+00, -1.0000e+00, -1.0000e+00,  1.3000e+01,  0.0000e+00],
        [ 4.7000e+01,  4.0000e+01,  4.6000e+01,  0.0000e+00,  0.0000e+00,
          0.0000e+00,  0.0000e+00,  2.8400e+02,  2.3800e+02, -1.0000e+00,
         -1.0000e+00, -1.0000e+00, -1.0000e+00,  8.4000e+01,  0.0000e+00],
        [ 1.4300e+02,  1.4200e+02,  0.0000e+00,  0.0000e+00,  0.0000e+00,
          0.0000e+00,  0.0000e+00,  1.7600e+02, -1.0000e+00, -1.0000e+00,
         -1.0000e+00, -1.0000e+00, -1.0000e+00,  2.9200e+02,  4.0960e+03],
        [ 5.4000e+01,  5.3000e+01,  0.0000e+00,  0.0000e+00,  0.0000e+00,
          0.0000e+00,  0.0000e+00,  2.1700e+02, -1.0000e+00, -1.0000e+00,
         -1.0000e+00, -1.0000e+00, -1.0000e+00,  2.1300e+02,  0.0000e+00],
        [ 5.1000e+01,  5.0000e+01,  0.0000e+00,  0.0000e+00,  0.0000e+00,
          0.0000e+00,  0.0000e+00,  2.1000e+01, -1.0000e+00, -1.0000e+00,
         -1.0000e+00, -1.0000e+00, -1.0000e+00,  7.4000e+01,  0.0000e+00],
        [ 5.7000e+01,  4.8000e+01,  5.6000e+01,  0.0000e+00,  0.0000e+00,
          0.0000e+00,  0.0000e+00,  2.6100e+02,  1.4300e+02, -1.0000e+00,
         -1.0000e+00, -1.0000e+00, -1.0000e+00,  2.7200e+02,  0.0000e+00],
        [ 6.1000e+01,  6.0000e+01,  0.0000e+00,  0.0000e+00,  0.0000e+00,
          0.0000e+00,  0.0000e+00,  3.2300e+02, -1.0000e+00, -1.0000e+00,
         -1.0000e+00, -1.0000e+00, -1.0000e+00,  3.0600e+02,  0.0000e+00],
        [ 1.4000e+02,  1.3900e+02,  0.0000e+00,  0.0000e+00,  0.0000e+00,
          0.0000e+00,  0.0000e+00,  1.2400e+02, -1.0000e+00, -1.0000e+00,
         -1.0000e+00, -1.0000e+00, -1.0000e+00,  3.1000e+01,  4.0960e+03],
        [ 5.8000e+01,  5.7000e+01,  0.0000e+00,  0.0000e+00,  0.0000e+00,
          0.0000e+00,  0.0000e+00,  2.7200e+02, -1.0000e+00, -1.0000e+00,
         -1.0000e+00, -1.0000e+00, -1.0000e+00,  1.9300e+02,  0.0000e+00],
        [ 6.4000e+01,  6.3000e+01,  0.0000e+00,  0.0000e+00,  0.0000e+00,
          0.0000e+00,  0.0000e+00,  1.6000e+01, -1.0000e+00, -1.0000e+00,
         -1.0000e+00, -1.0000e+00, -1.0000e+00,  3.1300e+02,  0.0000e+00],
        [ 1.5000e+02,  1.4900e+02,  0.0000e+00,  0.0000e+00,  0.0000e+00,
          0.0000e+00,  0.0000e+00,  8.9000e+01, -1.0000e+00, -1.0000e+00,
         -1.0000e+00, -1.0000e+00, -1.0000e+00,  1.5300e+02,  4.0960e+03],
        [ 7.1000e+01,  7.0000e+01,  0.0000e+00,  0.0000e+00,  0.0000e+00,
          0.0000e+00,  0.0000e+00,  2.4000e+01, -1.0000e+00, -1.0000e+00,
         -1.0000e+00, -1.0000e+00, -1.0000e+00,  3.4600e+02,  0.0000e+00],
        [ 6.7000e+01,  5.8000e+01,  6.6000e+01,  0.0000e+00,  0.0000e+00,
          0.0000e+00,  0.0000e+00,  1.9300e+02,  1.4100e+02, -1.0000e+00,
         -1.0000e+00, -1.0000e+00, -1.0000e+00,  2.9800e+02,  0.0000e+00],
        [ 6.8000e+01,  6.7000e+01,  0.0000e+00,  0.0000e+00,  0.0000e+00,
          0.0000e+00,  0.0000e+00,  2.9800e+02, -1.0000e+00, -1.0000e+00,
         -1.0000e+00, -1.0000e+00, -1.0000e+00,  1.5000e+02,  0.0000e+00],
        [ 1.6000e+02,  1.5900e+02,  0.0000e+00,  0.0000e+00,  0.0000e+00,
          0.0000e+00,  0.0000e+00,  1.5700e+02, -1.0000e+00, -1.0000e+00,
         -1.0000e+00, -1.0000e+00, -1.0000e+00,  2.5400e+02,  4.0960e+03],
        [ 1.5300e+02,  1.5200e+02,  0.0000e+00,  0.0000e+00,  0.0000e+00,
          0.0000e+00,  0.0000e+00,  2.0500e+02, -1.0000e+00, -1.0000e+00,
         -1.0000e+00, -1.0000e+00, -1.0000e+00,  2.9000e+01,  4.0960e+03],
        [ 1.6300e+02,  1.6200e+02,  0.0000e+00,  0.0000e+00,  0.0000e+00,
          0.0000e+00,  0.0000e+00,  1.3200e+02, -1.0000e+00, -1.0000e+00,
         -1.0000e+00, -1.0000e+00, -1.0000e+00,  1.7300e+02,  4.0960e+03],
        [ 8.1000e+01,  8.0000e+01,  0.0000e+00,  0.0000e+00,  0.0000e+00,
          0.0000e+00,  0.0000e+00,  2.0400e+02, -1.0000e+00, -1.0000e+00,
         -1.0000e+00, -1.0000e+00, -1.0000e+00,  3.2000e+02,  0.0000e+00],
        [ 7.4000e+01,  7.3000e+01,  0.0000e+00,  0.0000e+00,  0.0000e+00,
          0.0000e+00,  0.0000e+00,  3.4400e+02, -1.0000e+00, -1.0000e+00,
         -1.0000e+00, -1.0000e+00, -1.0000e+00,  1.0100e+02,  0.0000e+00],
        [ 7.8000e+01,  7.7000e+01,  0.0000e+00,  0.0000e+00,  0.0000e+00,
          0.0000e+00,  0.0000e+00,  2.0900e+02, -1.0000e+00, -1.0000e+00,
         -1.0000e+00, -1.0000e+00, -1.0000e+00,  1.9900e+02,  0.0000e+00],
        [ 7.7000e+01,  6.8000e+01,  7.6000e+01,  0.0000e+00,  0.0000e+00,
          0.0000e+00,  0.0000e+00,  1.5000e+02,  1.4000e+02, -1.0000e+00,
         -1.0000e+00, -1.0000e+00, -1.0000e+00,  2.0900e+02,  0.0000e+00],
        [ 1.7000e+02,  1.6900e+02,  0.0000e+00,  0.0000e+00,  0.0000e+00,
          0.0000e+00,  0.0000e+00,  1.8400e+02, -1.0000e+00, -1.0000e+00,
         -1.0000e+00, -1.0000e+00, -1.0000e+00,  3.1400e+02,  4.0960e+03],
        [ 8.4000e+01,  8.3000e+01,  0.0000e+00,  0.0000e+00,  0.0000e+00,
          0.0000e+00,  0.0000e+00,  2.4800e+02, -1.0000e+00, -1.0000e+00,
         -1.0000e+00, -1.0000e+00, -1.0000e+00,  2.9600e+02,  0.0000e+00],
        [ 1.7300e+02,  1.7200e+02,  0.0000e+00,  0.0000e+00,  0.0000e+00,
          0.0000e+00,  0.0000e+00,  2.5300e+02, -1.0000e+00, -1.0000e+00,
         -1.0000e+00, -1.0000e+00, -1.0000e+00,  3.1100e+02,  4.0960e+03],
        [ 8.7000e+01,  8.0000e+01,  8.6000e+01,  0.0000e+00,  0.0000e+00,
          0.0000e+00,  0.0000e+00,  3.2000e+01,  2.5700e+02, -1.0000e+00,
         -1.0000e+00, -1.0000e+00, -1.0000e+00,  2.3000e+02,  0.0000e+00],
        [ 9.1000e+01,  9.0000e+01,  0.0000e+00,  0.0000e+00,  0.0000e+00,
          0.0000e+00,  0.0000e+00,  8.8000e+01, -1.0000e+00, -1.0000e+00,
         -1.0000e+00, -1.0000e+00, -1.0000e+00,  2.7100e+02,  0.0000e+00],
        [ 8.8000e+01,  8.7000e+01,  0.0000e+00,  0.0000e+00,  0.0000e+00,
          0.0000e+00,  0.0000e+00,  2.3000e+02, -1.0000e+00, -1.0000e+00,
         -1.0000e+00, -1.0000e+00, -1.0000e+00,  1.1500e+02,  0.0000e+00],
        [ 1.8000e+02,  1.7900e+02,  0.0000e+00,  0.0000e+00,  0.0000e+00,
          0.0000e+00,  0.0000e+00,  2.2400e+02, -1.0000e+00, -1.0000e+00,
         -1.0000e+00, -1.0000e+00, -1.0000e+00,  2.4400e+02,  4.0960e+03],
        [ 9.8000e+01,  9.7000e+01,  0.0000e+00,  0.0000e+00,  0.0000e+00,
          0.0000e+00,  0.0000e+00,  8.2000e+01, -1.0000e+00, -1.0000e+00,
         -1.0000e+00, -1.0000e+00, -1.0000e+00,  2.7600e+02,  0.0000e+00],
        [ 1.0100e+02,  1.0000e+02,  0.0000e+00,  0.0000e+00,  0.0000e+00,
          0.0000e+00,  0.0000e+00,  1.8100e+02, -1.0000e+00, -1.0000e+00,
         -1.0000e+00, -1.0000e+00, -1.0000e+00,  3.3900e+02,  0.0000e+00],
        [ 9.4000e+01,  9.3000e+01,  0.0000e+00,  0.0000e+00,  0.0000e+00,
          0.0000e+00,  0.0000e+00,  4.8000e+01, -1.0000e+00, -1.0000e+00,
         -1.0000e+00, -1.0000e+00, -1.0000e+00,  9.7000e+01,  0.0000e+00],
        [ 1.8300e+02,  1.8200e+02,  0.0000e+00,  0.0000e+00,  0.0000e+00,
          0.0000e+00,  0.0000e+00,  7.7000e+01, -1.0000e+00, -1.0000e+00,
         -1.0000e+00, -1.0000e+00, -1.0000e+00,  1.0400e+02,  4.0960e+03],
        [ 9.7000e+01,  8.8000e+01,  9.6000e+01,  0.0000e+00,  0.0000e+00,
          0.0000e+00,  0.0000e+00,  1.1500e+02,  5.9000e+01, -1.0000e+00,
         -1.0000e+00, -1.0000e+00, -1.0000e+00,  8.2000e+01,  0.0000e+00],
        [ 1.0400e+02,  1.0300e+02,  0.0000e+00,  0.0000e+00,  0.0000e+00,
          0.0000e+00,  0.0000e+00,  3.3800e+02, -1.0000e+00, -1.0000e+00,
         -1.0000e+00, -1.0000e+00, -1.0000e+00,  2.0600e+02,  0.0000e+00],
        [ 1.9300e+02,  1.9200e+02,  0.0000e+00,  0.0000e+00,  0.0000e+00,
          0.0000e+00,  0.0000e+00,  1.3800e+02, -1.0000e+00, -1.0000e+00,
         -1.0000e+00, -1.0000e+00, -1.0000e+00,  2.4100e+02,  4.0960e+03],
        [ 1.0800e+02,  1.0700e+02,  0.0000e+00,  0.0000e+00,  0.0000e+00,
          0.0000e+00,  0.0000e+00,  5.0000e+01, -1.0000e+00, -1.0000e+00,
         -1.0000e+00, -1.0000e+00, -1.0000e+00,  2.1900e+02,  0.0000e+00],
        [ 2.0000e+02,  1.9900e+02,  0.0000e+00,  0.0000e+00,  0.0000e+00,
          0.0000e+00,  0.0000e+00,  2.3100e+02, -1.0000e+00, -1.0000e+00,
         -1.0000e+00, -1.0000e+00, -1.0000e+00,  3.3600e+02,  4.0960e+03],
        [ 1.9000e+02,  1.8900e+02,  0.0000e+00,  0.0000e+00,  0.0000e+00,
          0.0000e+00,  0.0000e+00,  3.3700e+02, -1.0000e+00, -1.0000e+00,
         -1.0000e+00, -1.0000e+00, -1.0000e+00,  2.5000e+01,  4.0960e+03],
        [ 1.0700e+02,  9.8000e+01,  1.0600e+02,  0.0000e+00,  0.0000e+00,
          0.0000e+00,  0.0000e+00,  2.7600e+02,  2.7000e+01, -1.0000e+00,
         -1.0000e+00, -1.0000e+00, -1.0000e+00,  5.0000e+01,  0.0000e+00],
        [ 1.1400e+02,  1.1300e+02,  0.0000e+00,  0.0000e+00,  0.0000e+00,
          0.0000e+00,  0.0000e+00,  2.0000e+00, -1.0000e+00, -1.0000e+00,
         -1.0000e+00, -1.0000e+00, -1.0000e+00,  1.4800e+02,  0.0000e+00],
        [ 1.1100e+02,  1.1000e+02,  0.0000e+00,  0.0000e+00,  0.0000e+00,
          0.0000e+00,  0.0000e+00,  2.1000e+02, -1.0000e+00, -1.0000e+00,
         -1.0000e+00, -1.0000e+00, -1.0000e+00,  5.8000e+01,  0.0000e+00],
        [ 1.1800e+02,  1.1700e+02,  0.0000e+00,  0.0000e+00,  0.0000e+00,
          0.0000e+00,  0.0000e+00,  3.9000e+01, -1.0000e+00, -1.0000e+00,
         -1.0000e+00, -1.0000e+00, -1.0000e+00,  1.6200e+02,  0.0000e+00],
        [ 2.0300e+02,  2.0200e+02,  0.0000e+00,  0.0000e+00,  0.0000e+00,
          0.0000e+00,  0.0000e+00,  5.7000e+01, -1.0000e+00, -1.0000e+00,
         -1.0000e+00, -1.0000e+00, -1.0000e+00,  7.5000e+01,  4.0960e+03],
        [ 2.1000e+02,  2.0900e+02,  0.0000e+00,  0.0000e+00,  0.0000e+00,
          0.0000e+00,  0.0000e+00,  2.5600e+02, -1.0000e+00, -1.0000e+00,
         -1.0000e+00, -1.0000e+00, -1.0000e+00,  2.6400e+02,  4.0960e+03],
        [ 1.2800e+02,  1.2700e+02,  0.0000e+00,  0.0000e+00,  0.0000e+00,
          0.0000e+00,  0.0000e+00,  1.3000e+02, -1.0000e+00, -1.0000e+00,
         -1.0000e+00, -1.0000e+00, -1.0000e+00,  3.3300e+02,  0.0000e+00],
        [ 1.1700e+02,  1.0800e+02,  1.1600e+02,  0.0000e+00,  0.0000e+00,
          0.0000e+00,  0.0000e+00,  2.1900e+02,  1.4900e+02, -1.0000e+00,
         -1.0000e+00, -1.0000e+00, -1.0000e+00,  3.9000e+01,  0.0000e+00],
        [ 1.2100e+02,  1.2000e+02,  0.0000e+00,  0.0000e+00,  0.0000e+00,
          0.0000e+00,  0.0000e+00,  1.2600e+02, -1.0000e+00, -1.0000e+00,
         -1.0000e+00, -1.0000e+00, -1.0000e+00,  5.0000e+00,  0.0000e+00],
        [ 1.2400e+02,  1.2300e+02,  0.0000e+00,  0.0000e+00,  0.0000e+00,
          0.0000e+00,  0.0000e+00,  9.3000e+01, -1.0000e+00, -1.0000e+00,
         -1.0000e+00, -1.0000e+00, -1.0000e+00,  8.7000e+01,  0.0000e+00],
        [ 1.3400e+02,  1.3300e+02,  0.0000e+00,  0.0000e+00,  0.0000e+00,
          0.0000e+00,  0.0000e+00,  1.2700e+02, -1.0000e+00, -1.0000e+00,
         -1.0000e+00, -1.0000e+00, -1.0000e+00,  3.2800e+02,  0.0000e+00],
        [ 2.1300e+02,  2.1200e+02,  0.0000e+00,  0.0000e+00,  0.0000e+00,
          0.0000e+00,  0.0000e+00,  1.6700e+02, -1.0000e+00, -1.0000e+00,
         -1.0000e+00, -1.0000e+00, -1.0000e+00,  4.7000e+01,  4.0960e+03],
        [ 1.2700e+02,  1.1800e+02,  1.2600e+02,  0.0000e+00,  0.0000e+00,
          0.0000e+00,  0.0000e+00,  1.6200e+02,  2.3400e+02, -1.0000e+00,
         -1.0000e+00, -1.0000e+00, -1.0000e+00,  1.3000e+02,  0.0000e+00],
        [ 1.3100e+02,  1.3000e+02,  0.0000e+00,  0.0000e+00,  0.0000e+00,
          0.0000e+00,  0.0000e+00,  4.4000e+01, -1.0000e+00, -1.0000e+00,
         -1.0000e+00, -1.0000e+00, -1.0000e+00,  1.3300e+02,  0.0000e+00],
        [ 2.2000e+02,  2.1900e+02,  0.0000e+00,  0.0000e+00,  0.0000e+00,
          0.0000e+00,  0.0000e+00,  2.9700e+02, -1.0000e+00, -1.0000e+00,
         -1.0000e+00, -1.0000e+00, -1.0000e+00,  1.1200e+02,  4.0960e+03],
        [ 2.2300e+02,  2.2200e+02,  0.0000e+00,  0.0000e+00,  0.0000e+00,
          0.0000e+00,  0.0000e+00,  2.4600e+02, -1.0000e+00, -1.0000e+00,
         -1.0000e+00, -1.0000e+00, -1.0000e+00,  1.7400e+02,  4.0960e+03],
        [ 3.1000e+02,  3.0900e+02,  0.0000e+00,  0.0000e+00,  0.0000e+00,
          0.0000e+00,  0.0000e+00,  4.0000e+00, -1.0000e+00, -1.0000e+00,
         -1.0000e+00, -1.0000e+00, -1.0000e+00,  1.2800e+02,  8.1920e+03],
        [ 1.3800e+02,  1.3700e+02,  0.0000e+00,  0.0000e+00,  0.0000e+00,
          0.0000e+00,  0.0000e+00,  1.6400e+02, -1.0000e+00, -1.0000e+00,
         -1.0000e+00, -1.0000e+00, -1.0000e+00,  1.9800e+02,  0.0000e+00],
        [ 1.4100e+02,  1.4000e+02,  0.0000e+00,  0.0000e+00,  0.0000e+00,
          0.0000e+00,  0.0000e+00,  3.1000e+01, -1.0000e+00, -1.0000e+00,
         -1.0000e+00, -1.0000e+00, -1.0000e+00,  2.0000e+02,  0.0000e+00],
        [ 2.3000e+02,  2.2900e+02,  0.0000e+00,  0.0000e+00,  0.0000e+00,
          0.0000e+00,  0.0000e+00,  2.6300e+02, -1.0000e+00, -1.0000e+00,
         -1.0000e+00, -1.0000e+00, -1.0000e+00,  2.6700e+02,  4.0960e+03],
        [ 1.3700e+02,  1.2800e+02,  1.3600e+02,  0.0000e+00,  0.0000e+00,
          0.0000e+00,  0.0000e+00,  3.3300e+02,  3.2500e+02, -1.0000e+00,
         -1.0000e+00, -1.0000e+00, -1.0000e+00,  1.6400e+02,  0.0000e+00],
        [ 1.4400e+02,  1.4300e+02,  0.0000e+00,  0.0000e+00,  0.0000e+00,
          0.0000e+00,  0.0000e+00,  2.9200e+02, -1.0000e+00, -1.0000e+00,
         -1.0000e+00, -1.0000e+00, -1.0000e+00,  2.4700e+02,  0.0000e+00],
        [ 3.2000e+02,  3.1900e+02,  0.0000e+00,  0.0000e+00,  0.0000e+00,
          0.0000e+00,  0.0000e+00,  1.5100e+02, -1.0000e+00, -1.0000e+00,
         -1.0000e+00, -1.0000e+00, -1.0000e+00,  2.8800e+02,  8.1920e+03],
        [ 3.1300e+02,  3.1200e+02,  0.0000e+00,  0.0000e+00,  0.0000e+00,
          0.0000e+00,  0.0000e+00,  4.0000e+01, -1.0000e+00, -1.0000e+00,
         -1.0000e+00, -1.0000e+00, -1.0000e+00,  1.4000e+01,  8.1920e+03],
        [ 1.5100e+02,  1.5000e+02,  0.0000e+00,  0.0000e+00,  0.0000e+00,
          0.0000e+00,  0.0000e+00,  1.5300e+02, -1.0000e+00, -1.0000e+00,
         -1.0000e+00, -1.0000e+00, -1.0000e+00,  3.1900e+02,  0.0000e+00],
        [ 1.4800e+02,  1.4700e+02,  0.0000e+00,  0.0000e+00,  0.0000e+00,
          0.0000e+00,  0.0000e+00,  2.0200e+02, -1.0000e+00, -1.0000e+00,
         -1.0000e+00, -1.0000e+00, -1.0000e+00,  2.2900e+02,  0.0000e+00],
        [ 1.4700e+02,  1.3800e+02,  1.4600e+02,  0.0000e+00,  0.0000e+00,
          0.0000e+00,  0.0000e+00,  1.9800e+02,  1.2500e+02, -1.0000e+00,
         -1.0000e+00, -1.0000e+00, -1.0000e+00,  2.0200e+02,  0.0000e+00],
        [ 2.3300e+02,  2.3200e+02,  0.0000e+00,  0.0000e+00,  0.0000e+00,
          0.0000e+00,  0.0000e+00,  1.2900e+02, -1.0000e+00, -1.0000e+00,
         -1.0000e+00, -1.0000e+00, -1.0000e+00,  4.9000e+01,  4.0960e+03],
        [ 3.3000e+02,  3.2900e+02,  0.0000e+00,  0.0000e+00,  0.0000e+00,
          0.0000e+00,  0.0000e+00,  3.7000e+01, -1.0000e+00, -1.0000e+00,
         -1.0000e+00, -1.0000e+00, -1.0000e+00,  2.9100e+02,  8.1920e+03],
        [ 3.2300e+02,  3.2200e+02,  0.0000e+00,  0.0000e+00,  0.0000e+00,
          0.0000e+00,  0.0000e+00,  2.8000e+02, -1.0000e+00, -1.0000e+00,
         -1.0000e+00, -1.0000e+00, -1.0000e+00,  1.0600e+02,  8.1920e+03],
        [ 1.5400e+02,  1.5300e+02,  0.0000e+00,  0.0000e+00,  0.0000e+00,
          0.0000e+00,  0.0000e+00,  2.9000e+01, -1.0000e+00, -1.0000e+00,
         -1.0000e+00, -1.0000e+00, -1.0000e+00,  1.9500e+02,  0.0000e+00],
        [ 2.4300e+02,  2.4200e+02,  0.0000e+00,  0.0000e+00,  0.0000e+00,
          0.0000e+00,  0.0000e+00,  1.1000e+01, -1.0000e+00, -1.0000e+00,
         -1.0000e+00, -1.0000e+00, -1.0000e+00,  1.3100e+02,  4.0960e+03],
        [ 2.4000e+02,  2.3900e+02,  0.0000e+00,  0.0000e+00,  0.0000e+00,
          0.0000e+00,  0.0000e+00,  1.7900e+02, -1.0000e+00, -1.0000e+00,
         -1.0000e+00, -1.0000e+00, -1.0000e+00,  5.2000e+01,  4.0960e+03],
        [ 1.5700e+02,  1.4800e+02,  1.5600e+02,  0.0000e+00,  0.0000e+00,
          0.0000e+00,  0.0000e+00,  2.2900e+02,  6.0000e+00, -1.0000e+00,
         -1.0000e+00, -1.0000e+00, -1.0000e+00,  2.7400e+02,  0.0000e+00],
        [ 2.5000e+02,  2.4900e+02,  0.0000e+00,  0.0000e+00,  0.0000e+00,
          0.0000e+00,  0.0000e+00,  1.1700e+02, -1.0000e+00, -1.0000e+00,
         -1.0000e+00, -1.0000e+00, -1.0000e+00,  3.1800e+02,  4.0960e+03],
        [ 3.3300e+02,  3.3200e+02,  0.0000e+00,  0.0000e+00,  0.0000e+00,
          0.0000e+00,  0.0000e+00,  1.8200e+02, -1.0000e+00, -1.0000e+00,
         -1.0000e+00, -1.0000e+00, -1.0000e+00,  1.5600e+02,  8.1920e+03],
        [ 2.5300e+02,  2.5200e+02,  0.0000e+00,  0.0000e+00,  0.0000e+00,
          0.0000e+00,  0.0000e+00,  3.8000e+01, -1.0000e+00, -1.0000e+00,
         -1.0000e+00, -1.0000e+00, -1.0000e+00,  2.8500e+02,  4.0960e+03],
        [ 1.6400e+02,  1.6300e+02,  0.0000e+00,  0.0000e+00,  0.0000e+00,
          0.0000e+00,  0.0000e+00,  1.7300e+02, -1.0000e+00, -1.0000e+00,
         -1.0000e+00, -1.0000e+00, -1.0000e+00,  1.8500e+02,  0.0000e+00],
        [ 1.5800e+02,  1.5700e+02,  0.0000e+00,  0.0000e+00,  0.0000e+00,
          0.0000e+00,  0.0000e+00,  2.7400e+02, -1.0000e+00, -1.0000e+00,
         -1.0000e+00, -1.0000e+00, -1.0000e+00,  1.0000e+00,  0.0000e+00],
        [ 1.6100e+02,  1.6000e+02,  0.0000e+00,  0.0000e+00,  0.0000e+00,
          0.0000e+00,  0.0000e+00,  2.5400e+02, -1.0000e+00, -1.0000e+00,
         -1.0000e+00, -1.0000e+00, -1.0000e+00,  1.9000e+01,  0.0000e+00],
        [ 1.6700e+02,  1.5800e+02,  1.6600e+02,  0.0000e+00,  0.0000e+00,
          0.0000e+00,  0.0000e+00,  1.0000e+00,  3.2400e+02, -1.0000e+00,
         -1.0000e+00, -1.0000e+00, -1.0000e+00,  2.4000e+02,  0.0000e+00],
        [ 1.6800e+02,  1.6700e+02,  0.0000e+00,  0.0000e+00,  0.0000e+00,
          0.0000e+00,  0.0000e+00,  2.4000e+02, -1.0000e+00, -1.0000e+00,
         -1.0000e+00, -1.0000e+00, -1.0000e+00,  1.6900e+02,  0.0000e+00],
        [ 1.7100e+02,  1.7000e+02,  0.0000e+00,  0.0000e+00,  0.0000e+00,
          0.0000e+00,  0.0000e+00,  3.1400e+02, -1.0000e+00, -1.0000e+00,
         -1.0000e+00, -1.0000e+00, -1.0000e+00,  1.8000e+02,  0.0000e+00],
        [ 1.7800e+02,  1.7700e+02,  0.0000e+00,  0.0000e+00,  0.0000e+00,
          0.0000e+00,  0.0000e+00,  1.4600e+02, -1.0000e+00, -1.0000e+00,
         -1.0000e+00, -1.0000e+00, -1.0000e+00,  3.4000e+02,  0.0000e+00],
        [ 1.7400e+02,  1.7300e+02,  0.0000e+00,  0.0000e+00,  0.0000e+00,
          0.0000e+00,  0.0000e+00,  3.1100e+02, -1.0000e+00, -1.0000e+00,
         -1.0000e+00, -1.0000e+00, -1.0000e+00,  1.8700e+02,  0.0000e+00],
        [ 1.8100e+02,  1.8000e+02,  0.0000e+00,  0.0000e+00,  0.0000e+00,
          0.0000e+00,  0.0000e+00,  2.4400e+02, -1.0000e+00, -1.0000e+00,
         -1.0000e+00, -1.0000e+00, -1.0000e+00,  3.0400e+02,  0.0000e+00],
        [ 2.6000e+02,  2.5900e+02,  0.0000e+00,  0.0000e+00,  0.0000e+00,
          0.0000e+00,  0.0000e+00,  1.7700e+02, -1.0000e+00, -1.0000e+00,
         -1.0000e+00, -1.0000e+00, -1.0000e+00,  1.2000e+01,  4.0960e+03],
        [ 2.6300e+02,  2.6200e+02,  0.0000e+00,  0.0000e+00,  0.0000e+00,
          0.0000e+00,  0.0000e+00,  2.7700e+02, -1.0000e+00, -1.0000e+00,
         -1.0000e+00, -1.0000e+00, -1.0000e+00,  1.1800e+02,  4.0960e+03],
        [ 1.7700e+02,  1.6800e+02,  1.7600e+02,  0.0000e+00,  0.0000e+00,
          0.0000e+00,  0.0000e+00,  1.6900e+02,  2.2500e+02, -1.0000e+00,
         -1.0000e+00, -1.0000e+00, -1.0000e+00,  1.4600e+02,  0.0000e+00],
        [ 1.8400e+02,  1.8300e+02,  0.0000e+00,  0.0000e+00,  0.0000e+00,
          0.0000e+00,  0.0000e+00,  1.0400e+02, -1.0000e+00, -1.0000e+00,
         -1.0000e+00, -1.0000e+00, -1.0000e+00,  2.2600e+02,  0.0000e+00],
        [ 2.7300e+02,  2.7200e+02,  0.0000e+00,  0.0000e+00,  0.0000e+00,
          0.0000e+00,  0.0000e+00,  2.0800e+02, -1.0000e+00, -1.0000e+00,
         -1.0000e+00, -1.0000e+00, -1.0000e+00,  2.1600e+02,  4.0960e+03],
        [ 2.7000e+02,  2.6900e+02,  0.0000e+00,  0.0000e+00,  0.0000e+00,
          0.0000e+00,  0.0000e+00,  1.5800e+02, -1.0000e+00, -1.0000e+00,
         -1.0000e+00, -1.0000e+00, -1.0000e+00,  7.9000e+01,  4.0960e+03],
        [ 1.8800e+02,  1.8700e+02,  0.0000e+00,  0.0000e+00,  0.0000e+00,
          0.0000e+00,  0.0000e+00,  1.2200e+02, -1.0000e+00, -1.0000e+00,
         -1.0000e+00, -1.0000e+00, -1.0000e+00,  1.4200e+02,  0.0000e+00],
        [ 1.8700e+02,  1.7800e+02,  1.8600e+02,  0.0000e+00,  0.0000e+00,
          0.0000e+00,  0.0000e+00,  3.4000e+02,  8.1000e+01, -1.0000e+00,
         -1.0000e+00, -1.0000e+00, -1.0000e+00,  1.2200e+02,  0.0000e+00],
        [ 2.8000e+02,  2.7900e+02,  0.0000e+00,  0.0000e+00,  0.0000e+00,
          0.0000e+00,  0.0000e+00,  2.6800e+02, -1.0000e+00, -1.0000e+00,
         -1.0000e+00, -1.0000e+00, -1.0000e+00,  1.6300e+02,  4.0960e+03],
        [ 1.9100e+02,  1.9000e+02,  0.0000e+00,  0.0000e+00,  0.0000e+00,
          0.0000e+00,  0.0000e+00,  2.5000e+01, -1.0000e+00, -1.0000e+00,
         -1.0000e+00, -1.0000e+00, -1.0000e+00,  8.0000e+00,  0.0000e+00],
        [ 1.9800e+02,  1.9700e+02,  0.0000e+00,  0.0000e+00,  0.0000e+00,
          0.0000e+00,  0.0000e+00,  2.6000e+01, -1.0000e+00, -1.0000e+00,
         -1.0000e+00, -1.0000e+00, -1.0000e+00,  1.4500e+02,  0.0000e+00],
        [ 2.0400e+02,  2.0300e+02,  0.0000e+00,  0.0000e+00,  0.0000e+00,
          0.0000e+00,  0.0000e+00,  7.5000e+01, -1.0000e+00, -1.0000e+00,
         -1.0000e+00, -1.0000e+00, -1.0000e+00,  3.3500e+02,  0.0000e+00],
        [ 2.8300e+02,  2.8200e+02,  0.0000e+00,  0.0000e+00,  0.0000e+00,
          0.0000e+00,  0.0000e+00,  1.8900e+02, -1.0000e+00, -1.0000e+00,
         -1.0000e+00, -1.0000e+00, -1.0000e+00,  1.0700e+02,  4.0960e+03],
        [ 1.9400e+02,  1.9300e+02,  0.0000e+00,  0.0000e+00,  0.0000e+00,
          0.0000e+00,  0.0000e+00,  2.4100e+02, -1.0000e+00, -1.0000e+00,
         -1.0000e+00, -1.0000e+00, -1.0000e+00,  2.0000e+01,  0.0000e+00],
        [ 2.9300e+02,  2.9200e+02,  0.0000e+00,  0.0000e+00,  0.0000e+00,
          0.0000e+00,  0.0000e+00,  3.4000e+01, -1.0000e+00, -1.0000e+00,
         -1.0000e+00, -1.0000e+00, -1.0000e+00,  2.3300e+02,  4.0960e+03],
        [ 2.0100e+02,  2.0000e+02,  0.0000e+00,  0.0000e+00,  0.0000e+00,
          0.0000e+00,  0.0000e+00,  3.3600e+02, -1.0000e+00, -1.0000e+00,
         -1.0000e+00, -1.0000e+00, -1.0000e+00,  7.0000e+01,  0.0000e+00],
        [ 2.0800e+02,  2.0700e+02,  0.0000e+00,  0.0000e+00,  0.0000e+00,
          0.0000e+00,  0.0000e+00,  3.4200e+02, -1.0000e+00, -1.0000e+00,
         -1.0000e+00, -1.0000e+00, -1.0000e+00,  2.7900e+02,  0.0000e+00],
        [ 2.0700e+02,  1.9800e+02,  2.0600e+02,  0.0000e+00,  0.0000e+00,
          0.0000e+00,  0.0000e+00,  1.4500e+02,  1.0800e+02, -1.0000e+00,
         -1.0000e+00, -1.0000e+00, -1.0000e+00,  3.4200e+02,  0.0000e+00],
        [ 1.9700e+02,  1.8800e+02,  1.9600e+02,  0.0000e+00,  0.0000e+00,
          0.0000e+00,  0.0000e+00,  1.4200e+02,  1.3900e+02, -1.0000e+00,
         -1.0000e+00, -1.0000e+00, -1.0000e+00,  2.6000e+01,  0.0000e+00],
        [ 2.9000e+02,  2.8900e+02,  0.0000e+00,  0.0000e+00,  0.0000e+00,
          0.0000e+00,  0.0000e+00,  1.0000e+02, -1.0000e+00, -1.0000e+00,
         -1.0000e+00, -1.0000e+00, -1.0000e+00,  5.4000e+01,  4.0960e+03],
        [ 2.1400e+02,  2.1300e+02,  0.0000e+00,  0.0000e+00,  0.0000e+00,
          0.0000e+00,  0.0000e+00,  4.7000e+01, -1.0000e+00, -1.0000e+00,
         -1.0000e+00, -1.0000e+00, -1.0000e+00,  2.7800e+02,  0.0000e+00],
        [ 2.1800e+02,  2.1700e+02,  0.0000e+00,  0.0000e+00,  0.0000e+00,
          0.0000e+00,  0.0000e+00,  1.1000e+02, -1.0000e+00, -1.0000e+00,
         -1.0000e+00, -1.0000e+00, -1.0000e+00,  3.2200e+02,  0.0000e+00],
        [ 2.1100e+02,  2.1000e+02,  0.0000e+00,  0.0000e+00,  0.0000e+00,
          0.0000e+00,  0.0000e+00,  2.6400e+02, -1.0000e+00, -1.0000e+00,
         -1.0000e+00, -1.0000e+00, -1.0000e+00,  8.5000e+01,  0.0000e+00],
        [ 3.0300e+02,  3.0200e+02,  0.0000e+00,  0.0000e+00,  0.0000e+00,
          0.0000e+00,  0.0000e+00,  0.0000e+00, -1.0000e+00, -1.0000e+00,
         -1.0000e+00, -1.0000e+00, -1.0000e+00,  1.7000e+02,  4.0960e+03],
        [ 3.0000e+02,  2.9900e+02,  0.0000e+00,  0.0000e+00,  0.0000e+00,
          0.0000e+00,  0.0000e+00,  1.0300e+02, -1.0000e+00, -1.0000e+00,
         -1.0000e+00, -1.0000e+00, -1.0000e+00,  6.3000e+01,  4.0960e+03],
        [ 2.2100e+02,  2.2000e+02,  0.0000e+00,  0.0000e+00,  0.0000e+00,
          0.0000e+00,  0.0000e+00,  1.1200e+02, -1.0000e+00, -1.0000e+00,
         -1.0000e+00, -1.0000e+00, -1.0000e+00,  1.1600e+02,  0.0000e+00],
        [ 2.1700e+02,  2.0800e+02,  2.1600e+02,  0.0000e+00,  0.0000e+00,
          0.0000e+00,  0.0000e+00,  2.7900e+02,  5.5000e+01, -1.0000e+00,
         -1.0000e+00, -1.0000e+00, -1.0000e+00,  1.1000e+02,  0.0000e+00],
        [ 2.2400e+02,  2.2300e+02,  0.0000e+00,  0.0000e+00,  0.0000e+00,
          0.0000e+00,  0.0000e+00,  1.7400e+02, -1.0000e+00, -1.0000e+00,
         -1.0000e+00, -1.0000e+00, -1.0000e+00,  1.5200e+02,  0.0000e+00],
        [ 2.3100e+02,  2.3000e+02,  0.0000e+00,  0.0000e+00,  0.0000e+00,
          0.0000e+00,  0.0000e+00,  2.6700e+02, -1.0000e+00, -1.0000e+00,
         -1.0000e+00, -1.0000e+00, -1.0000e+00,  2.8300e+02,  0.0000e+00],
        [ 2.2800e+02,  2.2700e+02,  0.0000e+00,  0.0000e+00,  0.0000e+00,
          0.0000e+00,  0.0000e+00,  6.6000e+01, -1.0000e+00, -1.0000e+00,
         -1.0000e+00, -1.0000e+00, -1.0000e+00,  1.3500e+02,  0.0000e+00],
        [ 2.3400e+02,  2.3300e+02,  0.0000e+00,  0.0000e+00,  0.0000e+00,
          0.0000e+00,  0.0000e+00,  4.9000e+01, -1.0000e+00, -1.0000e+00,
         -1.0000e+00, -1.0000e+00, -1.0000e+00,  2.1800e+02,  0.0000e+00],
        [ 2.3800e+02,  2.3700e+02,  0.0000e+00,  0.0000e+00,  0.0000e+00,
          0.0000e+00,  0.0000e+00,  3.3400e+02, -1.0000e+00, -1.0000e+00,
         -1.0000e+00, -1.0000e+00, -1.0000e+00,  3.0900e+02,  0.0000e+00],
        [ 2.2700e+02,  2.1800e+02,  2.2600e+02,  0.0000e+00,  0.0000e+00,
          0.0000e+00,  0.0000e+00,  3.2200e+02,  1.3700e+02, -1.0000e+00,
         -1.0000e+00, -1.0000e+00, -1.0000e+00,  6.6000e+01,  0.0000e+00],
        [ 2.3700e+02,  2.2800e+02,  2.3600e+02,  0.0000e+00,  0.0000e+00,
          0.0000e+00,  0.0000e+00,  1.3500e+02,  2.1400e+02, -1.0000e+00,
         -1.0000e+00, -1.0000e+00, -1.0000e+00,  3.3400e+02,  0.0000e+00],
        [ 2.4400e+02,  2.4300e+02,  0.0000e+00,  0.0000e+00,  0.0000e+00,
          0.0000e+00,  0.0000e+00,  1.3100e+02, -1.0000e+00, -1.0000e+00,
         -1.0000e+00, -1.0000e+00, -1.0000e+00,  3.4500e+02,  0.0000e+00],
        [ 2.4100e+02,  2.4000e+02,  0.0000e+00,  0.0000e+00,  0.0000e+00,
          0.0000e+00,  0.0000e+00,  5.2000e+01, -1.0000e+00, -1.0000e+00,
         -1.0000e+00, -1.0000e+00, -1.0000e+00,  1.7500e+02,  0.0000e+00],
        [ 2.4700e+02,  2.3800e+02,  2.4600e+02,  0.0000e+00,  0.0000e+00,
          0.0000e+00,  0.0000e+00,  3.0900e+02,  5.1000e+01, -1.0000e+00,
         -1.0000e+00, -1.0000e+00, -1.0000e+00,  3.4100e+02,  0.0000e+00],
        [ 2.5400e+02,  2.5300e+02,  0.0000e+00,  0.0000e+00,  0.0000e+00,
          0.0000e+00,  0.0000e+00,  2.8500e+02, -1.0000e+00, -1.0000e+00,
         -1.0000e+00, -1.0000e+00, -1.0000e+00,  3.4300e+02,  0.0000e+00],
        [ 2.5100e+02,  2.5000e+02,  0.0000e+00,  0.0000e+00,  0.0000e+00,
          0.0000e+00,  0.0000e+00,  3.1800e+02, -1.0000e+00, -1.0000e+00,
         -1.0000e+00, -1.0000e+00, -1.0000e+00,  1.5500e+02,  0.0000e+00],
        [ 2.4800e+02,  2.4700e+02,  0.0000e+00,  0.0000e+00,  0.0000e+00,
          0.0000e+00,  0.0000e+00,  3.4100e+02, -1.0000e+00, -1.0000e+00,
         -1.0000e+00, -1.0000e+00, -1.0000e+00,  7.0000e+00,  0.0000e+00],
        [ 2.5700e+02,  2.4800e+02,  2.5600e+02,  0.0000e+00,  0.0000e+00,
          0.0000e+00,  0.0000e+00,  7.0000e+00,  3.2900e+02, -1.0000e+00,
         -1.0000e+00, -1.0000e+00, -1.0000e+00,  2.9500e+02,  0.0000e+00],
        [ 2.6100e+02,  2.6000e+02,  0.0000e+00,  0.0000e+00,  0.0000e+00,
          0.0000e+00,  0.0000e+00,  1.2000e+01, -1.0000e+00, -1.0000e+00,
         -1.0000e+00, -1.0000e+00, -1.0000e+00,  2.1200e+02,  0.0000e+00],
        [ 2.6400e+02,  2.6300e+02,  0.0000e+00,  0.0000e+00,  0.0000e+00,
          0.0000e+00,  0.0000e+00,  1.1800e+02, -1.0000e+00, -1.0000e+00,
         -1.0000e+00, -1.0000e+00, -1.0000e+00,  3.2100e+02,  0.0000e+00],
        [ 2.5800e+02,  2.5700e+02,  0.0000e+00,  0.0000e+00,  0.0000e+00,
          0.0000e+00,  0.0000e+00,  2.9500e+02, -1.0000e+00, -1.0000e+00,
         -1.0000e+00, -1.0000e+00, -1.0000e+00,  7.6000e+01,  0.0000e+00],
        [ 2.6800e+02,  2.6700e+02,  0.0000e+00,  0.0000e+00,  0.0000e+00,
          0.0000e+00,  0.0000e+00,  2.7000e+02, -1.0000e+00, -1.0000e+00,
         -1.0000e+00, -1.0000e+00, -1.0000e+00,  1.5900e+02,  0.0000e+00],
        [ 2.7100e+02,  2.7000e+02,  0.0000e+00,  0.0000e+00,  0.0000e+00,
          0.0000e+00,  0.0000e+00,  7.9000e+01, -1.0000e+00, -1.0000e+00,
         -1.0000e+00, -1.0000e+00, -1.0000e+00,  2.2000e+02,  0.0000e+00],
        [ 2.6700e+02,  2.5800e+02,  2.6600e+02,  0.0000e+00,  0.0000e+00,
          0.0000e+00,  0.0000e+00,  7.6000e+01,  1.5400e+02, -1.0000e+00,
         -1.0000e+00, -1.0000e+00, -1.0000e+00,  2.7000e+02,  0.0000e+00],
        [ 2.7400e+02,  2.7300e+02,  0.0000e+00,  0.0000e+00,  0.0000e+00,
          0.0000e+00,  0.0000e+00,  2.1600e+02, -1.0000e+00, -1.0000e+00,
         -1.0000e+00, -1.0000e+00, -1.0000e+00,  3.0100e+02,  0.0000e+00],
        [ 2.7700e+02,  2.6800e+02,  2.7600e+02,  0.0000e+00,  0.0000e+00,
          0.0000e+00,  0.0000e+00,  1.5900e+02,  2.5500e+02, -1.0000e+00,
         -1.0000e+00, -1.0000e+00, -1.0000e+00,  2.6900e+02,  0.0000e+00],
        [ 2.7800e+02,  2.7700e+02,  0.0000e+00,  0.0000e+00,  0.0000e+00,
          0.0000e+00,  0.0000e+00,  2.6900e+02, -1.0000e+00, -1.0000e+00,
         -1.0000e+00, -1.0000e+00, -1.0000e+00,  7.8000e+01,  0.0000e+00],
        [ 2.8400e+02,  2.8300e+02,  0.0000e+00,  0.0000e+00,  0.0000e+00,
          0.0000e+00,  0.0000e+00,  1.0700e+02, -1.0000e+00, -1.0000e+00,
         -1.0000e+00, -1.0000e+00, -1.0000e+00,  2.0700e+02,  0.0000e+00],
        [ 2.8100e+02,  2.8000e+02,  0.0000e+00,  0.0000e+00,  0.0000e+00,
          0.0000e+00,  0.0000e+00,  1.6300e+02, -1.0000e+00, -1.0000e+00,
         -1.0000e+00, -1.0000e+00, -1.0000e+00,  6.8000e+01,  0.0000e+00],
        [ 2.9100e+02,  2.9000e+02,  0.0000e+00,  0.0000e+00,  0.0000e+00,
          0.0000e+00,  0.0000e+00,  5.4000e+01, -1.0000e+00, -1.0000e+00,
         -1.0000e+00, -1.0000e+00, -1.0000e+00,  2.6200e+02,  0.0000e+00],
        [ 2.8800e+02,  2.8700e+02,  0.0000e+00,  0.0000e+00,  0.0000e+00,
          0.0000e+00,  0.0000e+00,  9.4000e+01, -1.0000e+00, -1.0000e+00,
         -1.0000e+00, -1.0000e+00, -1.0000e+00,  6.2000e+01,  0.0000e+00],
        [ 2.8700e+02,  2.7800e+02,  2.8600e+02,  0.0000e+00,  0.0000e+00,
          0.0000e+00,  0.0000e+00,  7.8000e+01,  8.0000e+01, -1.0000e+00,
         -1.0000e+00, -1.0000e+00, -1.0000e+00,  9.4000e+01,  0.0000e+00],
        [ 2.9400e+02,  2.9300e+02,  0.0000e+00,  0.0000e+00,  0.0000e+00,
          0.0000e+00,  0.0000e+00,  2.3300e+02, -1.0000e+00, -1.0000e+00,
         -1.0000e+00, -1.0000e+00, -1.0000e+00,  1.3600e+02,  0.0000e+00],
        [ 2.9700e+02,  2.8800e+02,  2.9600e+02,  0.0000e+00,  0.0000e+00,
          0.0000e+00,  0.0000e+00,  6.2000e+01,  7.1000e+01, -1.0000e+00,
         -1.0000e+00, -1.0000e+00, -1.0000e+00,  3.0500e+02,  0.0000e+00],
        [ 2.9800e+02,  2.9700e+02,  0.0000e+00,  0.0000e+00,  0.0000e+00,
          0.0000e+00,  0.0000e+00,  3.0500e+02, -1.0000e+00, -1.0000e+00,
         -1.0000e+00, -1.0000e+00, -1.0000e+00,  1.8000e+01,  0.0000e+00],
        [ 3.0100e+02,  3.0000e+02,  0.0000e+00,  0.0000e+00,  0.0000e+00,
          0.0000e+00,  0.0000e+00,  6.3000e+01, -1.0000e+00, -1.0000e+00,
         -1.0000e+00, -1.0000e+00, -1.0000e+00,  4.6000e+01,  0.0000e+00],
        [ 3.0400e+02,  3.0300e+02,  0.0000e+00,  0.0000e+00,  0.0000e+00,
          0.0000e+00,  0.0000e+00,  1.7000e+02, -1.0000e+00, -1.0000e+00,
         -1.0000e+00, -1.0000e+00, -1.0000e+00,  6.5000e+01,  0.0000e+00],
        [ 3.0800e+02,  3.0700e+02,  0.0000e+00,  0.0000e+00,  0.0000e+00,
          0.0000e+00,  0.0000e+00,  7.2000e+01, -1.0000e+00, -1.0000e+00,
         -1.0000e+00, -1.0000e+00, -1.0000e+00,  9.2000e+01,  0.0000e+00],
        [ 3.1100e+02,  3.1000e+02,  0.0000e+00,  0.0000e+00,  0.0000e+00,
          0.0000e+00,  0.0000e+00,  1.2800e+02, -1.0000e+00, -1.0000e+00,
         -1.0000e+00, -1.0000e+00, -1.0000e+00,  5.3000e+01,  0.0000e+00],
        [ 3.1800e+02,  3.1700e+02,  0.0000e+00,  0.0000e+00,  0.0000e+00,
          0.0000e+00,  0.0000e+00,  3.0000e+00, -1.0000e+00, -1.0000e+00,
         -1.0000e+00, -1.0000e+00, -1.0000e+00,  2.3200e+02,  0.0000e+00],
        [ 3.1400e+02,  3.1300e+02,  0.0000e+00,  0.0000e+00,  0.0000e+00,
          0.0000e+00,  0.0000e+00,  1.4000e+01, -1.0000e+00, -1.0000e+00,
         -1.0000e+00, -1.0000e+00, -1.0000e+00,  9.0000e+01,  0.0000e+00],
        [ 3.0700e+02,  2.9800e+02,  3.0600e+02,  0.0000e+00,  0.0000e+00,
          0.0000e+00,  0.0000e+00,  1.8000e+01,  2.6000e+02, -1.0000e+00,
         -1.0000e+00, -1.0000e+00, -1.0000e+00,  7.2000e+01,  0.0000e+00],
        [ 3.2100e+02,  3.2000e+02,  0.0000e+00,  0.0000e+00,  0.0000e+00,
          0.0000e+00,  0.0000e+00,  2.8800e+02, -1.0000e+00, -1.0000e+00,
         -1.0000e+00, -1.0000e+00, -1.0000e+00,  1.9100e+02,  0.0000e+00],
        [ 3.2400e+02,  3.2300e+02,  0.0000e+00,  0.0000e+00,  0.0000e+00,
          0.0000e+00,  0.0000e+00,  1.0600e+02, -1.0000e+00, -1.0000e+00,
         -1.0000e+00, -1.0000e+00, -1.0000e+00,  6.9000e+01,  0.0000e+00],
        [ 3.3100e+02,  3.3000e+02,  0.0000e+00,  0.0000e+00,  0.0000e+00,
          0.0000e+00,  0.0000e+00,  2.9100e+02, -1.0000e+00, -1.0000e+00,
         -1.0000e+00, -1.0000e+00, -1.0000e+00,  2.4500e+02,  0.0000e+00],
        [ 3.1700e+02,  3.1000e+02,  3.1600e+02,  0.0000e+00,  0.0000e+00,
          0.0000e+00,  0.0000e+00,  2.3600e+02,  3.0700e+02, -1.0000e+00,
         -1.0000e+00, -1.0000e+00, -1.0000e+00,  3.0000e+00,  0.0000e+00],
        [ 3.2700e+02,  3.1800e+02,  3.2600e+02,  0.0000e+00,  0.0000e+00,
          0.0000e+00,  0.0000e+00,  2.3200e+02,  1.8600e+02, -1.0000e+00,
         -1.0000e+00, -1.0000e+00, -1.0000e+00,  2.5800e+02,  0.0000e+00],
        [ 3.2800e+02,  3.2700e+02,  0.0000e+00,  0.0000e+00,  0.0000e+00,
          0.0000e+00,  0.0000e+00,  2.5800e+02, -1.0000e+00, -1.0000e+00,
         -1.0000e+00, -1.0000e+00, -1.0000e+00,  4.3000e+01,  0.0000e+00],
        [ 3.3400e+02,  3.3300e+02,  0.0000e+00,  0.0000e+00,  0.0000e+00,
          0.0000e+00,  0.0000e+00,  1.5600e+02, -1.0000e+00, -1.0000e+00,
         -1.0000e+00, -1.0000e+00, -1.0000e+00,  1.1100e+02,  0.0000e+00],
        [ 3.3800e+02,  3.3700e+02,  0.0000e+00,  0.0000e+00,  0.0000e+00,
          0.0000e+00,  0.0000e+00,  3.0000e+02, -1.0000e+00, -1.0000e+00,
         -1.0000e+00, -1.0000e+00, -1.0000e+00,  1.6800e+02,  0.0000e+00],
        [ 3.3700e+02,  3.2800e+02,  3.3600e+02,  0.0000e+00,  0.0000e+00,
          0.0000e+00,  0.0000e+00,  4.3000e+01,  2.1500e+02, -1.0000e+00,
         -1.0000e+00, -1.0000e+00, -1.0000e+00,  3.0000e+02,  0.0000e+00],
        [ 3.3900e+02,  3.3800e+02,  0.0000e+00,  0.0000e+00,  0.0000e+00,
          0.0000e+00,  0.0000e+00,  1.6800e+02, -1.0000e+00, -1.0000e+00,
         -1.0000e+00, -1.0000e+00, -1.0000e+00,  1.2000e+02,  0.0000e+00]],
       device='cuda:0')
learning sequence is:
tensor([114., 302.,  28., 289., 194.,  40., 280., 182., 332.,  45., 119., 178.,
        151.,  37., 273., 183., 275., 310., 235., 330.,  35.,  98., 176., 205.,
        132., 253.,  77., 138.,  57., 167., 246., 129.,  11.,  38., 277., 208.,
        189.,  34.,   0.,  86.,   4., 196., 192., 308., 265.,  41., 123.,   9.,
         95., 160.,  99., 203., 250., 303., 281., 105., 121., 299., 161., 312.,
        124., 243.,  89., 157., 184.,  23., 259., 224., 239., 337., 231.,  96.,
        190., 256., 331., 297., 286., 263., 166., 179., 117., 177., 158., 268.,
        100., 103., 282., 251., 171.,  33., 242., 252., 201., 316., 223.,  17.,
        222., 228.,  42.,  56., 197., 294., 227., 317., 134.,  73., 188.,  10.,
        144., 237., 236., 307., 186., 215., 249., 257.,  32.,  59.,  27., 149.,
        234., 325., 125., 324.,   6., 225.,  81., 139., 108., 284., 238.,  55.,
        137., 143., 214., 141., 140.,  51., 329., 154., 109., 255.,  36.,  30.,
         80., 147.,  71., 260., 293., 315.,  60., 204.,  64., 248., 211., 165.,
        113.,  88., 221., 217.,  48., 338.,  21., 323.,  91., 181.,  61., 327.,
        210., 344.,  15., 172.,  16.,  67.,  83.,  24., 326.,   2., 102., 126.,
        287., 290.,  93.,  22., 266., 261., 127.,  44.,  13.,  84., 292., 213.,
         74., 272., 306.,  31., 193., 313., 153., 346., 298., 150., 254.,  29.,
        173., 320., 101., 199., 209., 314., 296., 311., 230., 271., 115., 244.,
        276., 339.,  97., 104.,  82., 206., 241., 219., 336.,  25.,  50., 148.,
         58., 162.,  75., 264., 333.,  39.,   5.,  87., 328.,  47., 130., 133.,
        112., 174., 128., 198., 200., 267., 164., 247., 288.,  14., 319., 229.,
        202.,  49., 291., 106., 195., 131.,  52., 274., 318., 156., 285., 185.,
          1.,  19., 240., 169., 180., 340., 187., 304.,  12., 118., 146., 226.,
        216.,  79., 142., 122., 163.,   8., 145., 335., 107.,  20., 233.,  70.,
        279., 342.,  26.,  54., 278., 322.,  85., 170.,  63., 116., 110., 152.,
        283., 135., 218., 309.,  66., 334., 345., 175., 341., 343., 155.,   7.,
        295., 212., 321.,  76., 159., 220., 270., 301., 269.,  78., 207.,  68.,
        262.,  62.,  94., 136., 305.,  18.,  46.,  65.,  92.,  53., 232.,  90.,
         72., 191.,  69., 245.,   3., 258.,  43., 111., 168., 300., 120.],
       device='cuda:0')
layer index corresponding:
[('model_0_conv4_block23_2_conv',), ('model_0_conv4_block8_out',), ('model_0_conv4_block4_2_bn',), ('model_0_conv5_block1_add',), ('model_0_conv5_block1_1_conv',), ('model_0_conv4_block5_1_relu',), ('model_0_conv4_block8_3_bn',), ('model_0_conv4_block17_out',), ('model_0_conv4_block12_1_relu',), ('model_0_conv4_block7_3_conv',), ('model_0_conv2_block3_3_conv',), ('model_0_conv4_block17_2_conv',), ('model_0_conv4_block19_1_bn',), ('model_0_conv3_block1_2_relu',), ('model_0_conv5_block1_2_bn',), ('model_0_conv2_block1_out',), ('model_0_conv3_block3_2_bn',), ('model_0_conv3_block4_3_conv',), ('model_0_conv4_block22_out',), ('model_0_conv4_block9_1_relu',), ('model_0_conv4_block12_2_relu',), ('model_0_conv3_block2_1_bn',), ('model_0_conv2_block3_2_relu',), ('model_0_conv4_block16_3_conv',), ('model_0_conv3_block4_1_bn',), ('model_0_conv4_block12_1_bn',), ('model_0_conv4_block12_add',), ('model_0_conv4_block3_3_bn',), ('model_0_input_1',), ('model_0_conv4_block8_2_bn',), ('model_0_conv2_block2_3_bn',), ('model_0_conv4_block7_1_bn',), ('model_0_conv4_block1_0_bn',), ('model_0_conv3_block4_2_conv',), ('model_0_conv4_block22_2_conv',), ('model_0_conv4_block5_2_conv',), ('model_0_conv2_block1_3_bn',), ('model_0_conv5_block3_1_conv',), ('model_0_conv4_block18_2_conv',), ('model_0_conv4_block4_add',), ('model_0_conv5_block1_2_conv',), ('model_0_conv4_block5_3_conv',), ('model_0_conv3_block4_1_conv',), ('model_0_conv5_block2_out',), ('model_0_conv4_block6_1_bn',), ('model_0_conv5_block1_3_conv',), ('model_0_conv4_block23_1_relu',), ('model_0_conv4_block14_2_bn',), ('model_0_conv4_block2_2_bn',), ('model_0_conv4_block16_2_bn',), ('model_0_conv4_block3_add',), ('model_0_conv4_block17_3_bn',), ('model_0_conv4_block17_1_bn',), ('model_0_conv5_block1_1_relu',), ('model_0_conv4_block22_1_bn',), ('model_0_conv4_block14_3_bn',), ('model_0_conv2_block1_2_conv',), ('model_0_conv4_block13_2_conv',), ('model_0_conv4_block4_1_relu',), ('model_0_conv4_block2_3_bn',), ('model_0_conv2_block1_1_bn',), ('model_0_conv2_block3_2_bn',), ('model_0_conv4_block21_out',), ('model_0_conv4_block23_1_bn',), ('model_0_conv2_block1_2_bn',), ('model_0_conv4_block23_2_relu',), ('model_0_conv4_block15_add',), ('model_0_conv2_block2_add',), ('model_0_conv4_block21_1_relu',), ('model_0_conv5_block2_2_relu',), ('model_0_conv4_block13_1_relu',), ('model_0_conv4_block22_3_bn',), ('model_0_conv4_block23_add',), ('model_0_conv2_block2_3_conv',), ('model_0_conv3_block2_1_relu',), ('model_0_conv4_block13_2_bn',), ('model_0_conv4_block18_out',), ('model_0_conv4_block11_2_conv',), ('model_0_conv4_block20_out',), ('model_0_conv4_block20_1_bn',), ('model_0_conv4_block21_3_bn',), ('model_0_conv4_block11_3_bn',), ('model_0_conv4_block2_add',), ('model_0_conv2_block2_out',), ('model_0_conv3_block1_add',), ('model_0_conv4_block14_1_relu',), ('model_0_conv4_block1_0_conv',), ('model_0_conv4_block5_2_relu',), ('model_0_conv4_block2_1_bn',), ('model_0_conv4_block8_1_conv',), ('model_0_conv5_block1_2_relu',), ('model_0_conv2_block1_1_relu',), ('model_0_conv4_block23_out',), ('model_0_conv4_block5_2_bn',), ('model_0_conv4_block21_add',), ('model_0_conv4_block8_3_conv',), ('model_0_conv4_block19_3_conv',), ('model_0_conv4_block2_2_relu',), ('model_0_conv4_block6_2_conv',), ('model_0_conv4_block9_3_conv',), ('model_0_conv4_block22_1_conv',), ('model_0_conv3_block4_2_relu',), ('model_0_conv2_block3_1_relu',), ('model_0_conv4_block23_1_conv',), ('model_0_conv4_block11_2_bn',), ('model_0_conv4_block5_1_conv',), ('model_0_conv5_block2_2_bn',), ('model_0_conv4_block21_2_bn',), ('model_0_conv4_block13_3_bn',), ('model_0_conv2_block1_0_bn',), ('model_0_conv4_block14_add',), ('model_0_conv5_block3_2_relu',), ('model_0_conv4_block15_1_bn',), ('model_0_conv3_block1_2_bn',), ('source',), ('model_0_conv4_block1_out',), ('model_0_conv4_block15_1_relu',), ('model_0_conv4_block18_1_conv',), ('model_0_conv4_block19_2_bn',), ('model_0_conv5_block2_3_conv',), ('sink',), ('model_0_conv4_block12_3_conv',), ('model_0_conv4_block11_add',), ('model_0_conv4_block6_3_conv',), ('model_0_conv4_block7_1_conv',), ('model_0_conv4_block7_3_bn',), ('model_0_conv4_block5_1_bn',), ('model_0_conv4_block6_2_bn',), ('model_0_conv5_block1_1_bn',), ('model_0_conv4_block16_2_conv',), ('model_0_conv4_block5_add',), ('model_0_conv4_block17_2_bn',), ('model_0_conv4_block9_2_conv',), ('model_0_conv4_block6_1_relu',), ('model_0_conv2_block1_3_conv',), ('model_0_conv4_block15_out',), ('model_0_conv4_block22_2_relu',), ('model_0_conv4_block15_3_bn',), ('model_0_conv4_block12_2_conv',), ('model_0_conv4_block12_3_bn',), ('model_0_conv3_block4_3_bn',), ('model_0_conv3_block3_3_bn',), ('model_0_conv4_block11_out',), ('model_0_conv3_block2_3_bn',), ('model_0_conv2_block3_1_conv',), ('model_0_conv4_block12_out',), ('model_0_conv4_block10_add',), ('model_0_conv2_block3_3_bn',), ('model_0_conv4_block4_2_relu',), ('model_0_conv4_block4_3_bn',), ('model_0_conv3_block3_out',), ('model_0_conv5_block2_1_conv',), ('model_0_conv4_block15_2_relu',), ('model_0_conv4_block8_1_bn',), ('model_0_conv4_block19_3_bn',), ('model_0_conv4_block18_1_relu',), ('model_0_conv5_block3_2_bn',), ('model_0_conv4_block9_1_conv',), ('model_0_conv4_block20_1_conv',), ('model_0_conv4_block19_out',), ('model_0_conv4_block2_1_conv',), ('model_0_conv4_block13_3_conv',), ('model_0_conv4_block4_out',), ('model_0_conv4_block21_1_bn',), ('model_0_conv4_block6_add',), ('model_0_conv2_block2_2_bn',), ('model_0_conv4_block23_3_conv',), ('model_0_conv4_block14_2_conv',), ('model_0_conv5_block3_out',), ('model_0_conv4_block9_out',), ('model_0_conv4_block23_2_bn',), ('model_0_conv3_block3_2_conv',), ('model_0_conv2_block2_2_relu',), ('model_0_conv4_block9_2_bn',), ('model_0_conv4_block15_2_bn',), ('model_0_conv4_block17_1_relu',), ('model_0_conv4_block7_2_conv',), ('model_0_conv4_block19_1_conv',), ('model_0_conv5_block3_3_conv',), ('model_0_conv4_block17_1_conv',), ('model_0_conv4_block10_1_relu',), ('model_0_conv4_block3_1_bn',), ('model_0_conv5_block3_2_conv',), ('model_0_pool1_pool',), ('model_0_conv4_block10_1_conv',), ('model_0_conv4_block9_2_relu',), ('model_0_conv5_block2_3_bn',), ('model_0_conv4_block10_2_relu',), ('model_0_conv2_block2_1_conv',), ('model_0_conv4_block21_2_conv',), ('model_0_conv4_block20_3_conv',), ('model_0_conv5_block2_1_relu',), ('model_0_conv4_block2_3_conv',), ('model_0_conv3_block2_out',), ('model_0_conv1_relu',), ('model_0_conv4_block8_2_relu',), ('model_0_conv4_block1_3_conv',), ('model_0_conv2_block2_2_conv',), ('model_0_conv4_block6_out',), ('model_0_conv3_block4_out',), ('model_0_conv4_block7_1_relu',), ('model_0_conv3_block1_3_conv',), ('model_0_conv4_block7_add',), ('model_0_conv4_block3_1_conv',), ('model_0_conv4_block1_1_bn',), ('model_0_conv4_block8_2_conv',), ('model_0_conv4_block3_2_relu',), ('model_0_conv4_block21_2_relu',), ('model_0_conv4_block20_2_conv',), ('model_0_conv3_block4_add',), ('model_0_conv4_block4_1_bn',), ('model_0_conv2_block2_1_bn',), ('model_0_conv4_block19_1_relu',), ('model_0_conv3_block2_2_relu',), ('model_0_conv4_block16_3_bn',), ('model_0_conv5_block3_3_bn',), ('model_0_conv4_block20_2_bn',), ('model_0_conv3_block2_2_bn',), ('model_0_conv4_block16_2_relu',), ('model_0_conv4_block3_out',), ('model_0_conv4_block20_1_relu',), ('model_0_conv2_block3_1_bn',), ('model_0_conv3_block2_1_conv',), ('model_0_conv3_block3_3_conv',), ('model_0_conv4_block11_1_conv',), ('model_0_conv4_block10_3_bn',), ('model_0_conv4_block11_2_relu',), ('model_0_conv3_block1_1_conv',), ('model_0_conv3_block3_1_conv',), ('model_0_conv4_block7_out',), ('model_0_conv4_block1_add',), ('model_0_conv4_block13_1_conv',), ('model_0_conv5_block1_out',), ('model_0_conv4_block22_2_bn',), ('model_0_conv4_block5_3_bn',), ('model_0_conv4_block3_2_conv',), ('model_0_conv5_block1_0_bn',), ('model_0_conv1_conv',), ('model_0_conv3_block1_3_bn',), ('model_0_conv4_block18_3_conv',), ('model_0_conv4_block9_add',), ('model_0_conv4_block12_2_bn',), ('model_0_conv3_block1_0_conv',), ('model_0_conv4_block15_3_conv',), ('model_0_conv4_block11_1_bn',), ('model_0_conv5_block3_1_relu',), ('model_0_conv4_block15_2_conv',), ('model_0_conv4_block7_2_relu',), ('model_0_conv4_block1_2_bn',), ('model_0_conv2_block1_1_conv',), ('model_0_conv4_block10_3_conv',), ('model_0_conv3_block2_2_conv',), ('model_0_conv4_block1_1_conv',), ('model_0_conv4_block10_2_conv',), ('model_0_conv4_block9_1_bn',), ('model_0_conv4_block20_3_bn',), ('model_0_conv4_block14_1_conv',), ('model_0_conv4_block1_3_bn',), ('model_0_conv5_block2_add',), ('model_0_conv4_block17_3_conv',), ('model_0_conv4_block23_3_bn',), ('model_0_conv3_block1_out',), ('model_0_conv4_block22_1_relu',), ('model_0_conv4_block16_1_conv',), ('model_0_conv4_block14_1_bn',), ('model_0_conv4_block4_3_conv',), ('model_0_conv2_block1_add',), ('model_0_conv4_block16_1_bn',), ('model_0_conv4_block21_1_conv',), ('model_0_conv4_block20_add',), ('model_0_conv4_block19_add',), ('model_0_conv4_block2_1_relu',), ('model_0_conv3_block2_add',), ('model_0_conv2_block1_2_relu',), ('model_0_conv4_block8_add',), ('model_0_conv4_block1_2_conv',), ('model_0_conv4_block2_out',), ('model_0_conv4_block19_2_conv',), ('model_0_conv4_block14_2_relu',), ('model_0_conv4_block13_out',), ('model_0_conv5_block2_2_conv',), ('model_0_conv4_block11_3_conv',), ('model_0_conv3_block1_2_conv',), ('model_0_conv4_block16_1_relu',), ('model_0_conv3_block1_0_bn',), ('model_0_conv4_block18_2_bn',), ('model_0_conv4_block22_3_conv',), ('model_0_conv2_block3_out',), ('model_0_conv5_block2_1_bn',), ('model_0_pool1_pad',), ('model_0_conv3_block1_1_relu',), ('model_0_conv5_block3_1_bn',), ('model_0_conv4_block7_2_bn',), ('model_0_conv1_bn',), ('model_0_conv2_block3_2_conv',), ('model_0_conv4_block18_add',), ('model_0_conv4_block1_2_relu',), ('model_0_conv4_block15_1_conv',), ('model_0_conv3_block3_add',), ('model_0_conv4_block6_1_conv',), ('model_0_conv5_block3_add',), ('model_0_conv4_block20_2_relu',), ('model_0_conv1_pad',), ('model_0_conv4_block4_1_conv',), ('model_0_conv4_block11_1_relu',), ('model_0_conv4_block22_add',), ('model_0_conv3_block3_1_relu',), ('model_0_conv5_block1_3_bn',), ('model_0_conv4_block3_3_conv',), ('model_0_conv4_block16_out',), ('model_0_conv4_block2_2_conv',), ('model_0_conv4_block10_2_bn',), ('model_0_conv4_block14_3_conv',), ('model_0_conv3_block3_2_relu',), ('model_0_conv4_block10_1_bn',), ('model_0_conv3_block1_1_bn',), ('model_0_conv3_block2_3_conv',), ('model_0_conv2_block1_0_conv',), ('model_0_conv4_block18_1_bn',), ('model_0_conv4_block8_1_relu',), ('model_0_conv4_block1_1_relu',), ('model_0_conv4_block19_2_relu',), ('model_0_conv4_block14_out',), ('model_0_conv3_block3_1_bn',), ('model_0_conv4_block9_3_bn',), ('model_0_conv4_block6_3_bn',), ('model_0_conv2_block3_add',), ('model_0_conv2_block2_1_relu',), ('model_0_conv4_block6_2_relu',), ('model_0_conv4_block18_3_bn',), ('model_0_conv4_block4_2_conv',), ('model_0_conv4_block21_3_conv',), ('model_0_conv5_block1_0_conv',), ('model_0_conv4_block5_out',), ('model_0_conv4_block16_add',), ('model_0_conv4_block13_2_relu',), ('model_0_conv4_block13_1_bn',), ('model_0_conv4_block12_1_conv',), ('model_0_conv4_block3_2_bn',), ('model_0_conv4_block3_1_relu',), ('model_0_conv4_block10_out',), ('model_0_conv4_block17_add',), ('model_0_conv4_block13_add',), ('model_0_conv4_block18_2_relu',), ('model_0_conv3_block4_2_bn',), ('model_0_conv4_block17_2_relu',), ('model_0_conv3_block4_1_relu',)]
end
