0
training_data:  tensor([[1., 0., 0., 0.],
        [2., 1., 0., 0.],
        [3., 1., 2., 0.],
        [4., 1., 2., 3.],
        [4., 1., 2., 3.],
        [4., 1., 2., 3.],
        [4., 1., 2., 3.],
        [4., 1., 2., 3.],
        [4., 1., 2., 3.],
        [4., 1., 2., 3.],
        [4., 1., 2., 3.],
        [4., 1., 2., 3.],
        [4., 1., 2., 3.],
        [4., 1., 2., 3.],
        [4., 1., 2., 3.],
        [4., 1., 2., 3.],
        [4., 1., 2., 3.],
        [4., 1., 2., 3.],
        [4., 1., 2., 3.],
        [5., 2., 3., 4.]], device='cuda:0')
training_label:  tensor([[1., 0., 0., 0.],
        [2., 1., 0., 0.],
        [3., 1., 2., 0.],
        [4., 1., 2., 3.],
        [4., 1., 2., 3.],
        [4., 1., 2., 3.],
        [4., 1., 2., 3.],
        [4., 1., 2., 3.],
        [4., 1., 2., 3.],
        [4., 1., 2., 3.],
        [4., 1., 2., 3.],
        [4., 1., 2., 3.],
        [4., 1., 2., 3.],
        [4., 1., 2., 3.],
        [4., 1., 2., 3.],
        [4., 1., 2., 3.],
        [4., 1., 2., 3.],
        [4., 1., 2., 3.],
        [4., 1., 2., 3.],
        [5., 1., 3., 4.]], device='cuda:0')
1
training_data:  tensor([[1., 0., 0., 0.],
        [2., 1., 0., 0.],
        [3., 1., 2., 0.],
        [4., 1., 2., 3.],
        [4., 1., 2., 3.],
        [4., 1., 2., 3.],
        [4., 1., 2., 3.],
        [4., 1., 2., 3.],
        [4., 1., 2., 3.],
        [4., 1., 2., 3.],
        [4., 1., 2., 3.],
        [4., 1., 2., 3.],
        [4., 1., 2., 3.],
        [4., 1., 2., 3.],
        [4., 1., 2., 3.],
        [4., 1., 2., 3.],
        [4., 1., 2., 3.],
        [4., 1., 2., 3.],
        [4., 1., 2., 3.],
        [5., 2., 3., 4.]], device='cuda:0')
training_label:  tensor([[1., 0., 0., 0.],
        [2., 1., 0., 0.],
        [2., 1., 0., 0.],
        [3., 1., 2., 2.],
        [3., 1., 2., 2.],
        [3., 1., 2., 2.],
        [3., 1., 2., 2.],
        [3., 1., 2., 2.],
        [3., 1., 2., 2.],
        [3., 1., 2., 2.],
        [3., 1., 2., 2.],
        [3., 1., 2., 2.],
        [4., 1., 2., 3.],
        [4., 2., 2., 3.],
        [4., 2., 2., 3.],
        [4., 2., 2., 3.],
        [4., 1., 2., 3.],
        [4., 1., 2., 3.],
        [5., 2., 3., 4.],
        [5., 1., 4., 3.]], device='cuda:0')
2
training_data:  tensor([[1., 0., 0., 0.],
        [1., 0., 0., 0.],
        [2., 1., 0., 0.],
        [2., 1., 0., 0.],
        [2., 1., 0., 0.],
        [2., 1., 0., 0.],
        [3., 2., 2., 0.],
        [3., 1., 2., 2.],
        [3., 1., 2., 0.],
        [3., 1., 2., 0.],
        [3., 2., 0., 0.],
        [3., 1., 2., 0.],
        [4., 3., 2., 0.],
        [4., 2., 3., 0.],
        [5., 4., 3., 0.],
        [5., 4., 3., 2.],
        [5., 2., 4., 0.],
        [5., 3., 3., 4.],
        [6., 5., 5., 0.],
        [6., 5., 2., 0.]], device='cuda:0')
training_label:  tensor([[1., 0., 0., 0.],
        [2., 1., 0., 0.],
        [3., 1., 2., 0.],
        [4., 1., 2., 3.],
        [4., 1., 2., 3.],
        [4., 1., 2., 3.],
        [4., 1., 2., 3.],
        [4., 1., 2., 3.],
        [4., 1., 2., 3.],
        [4., 1., 2., 3.],
        [4., 1., 2., 3.],
        [4., 1., 2., 3.],
        [4., 1., 2., 3.],
        [5., 2., 3., 4.],
        [5., 2., 4., 4.],
        [5., 1., 2., 4.],
        [5., 1., 3., 4.],
        [5., 1., 4., 4.],
        [5., 3., 4., 4.],
        [5., 1., 3., 4.]], device='cuda:0')
3
training_data:  tensor([[1., 0., 0., 0.],
        [2., 1., 0., 0.],
        [3., 1., 2., 0.],
        [4., 1., 2., 3.],
        [4., 1., 2., 3.],
        [4., 1., 2., 3.],
        [4., 1., 2., 3.],
        [4., 1., 2., 3.],
        [4., 1., 2., 3.],
        [4., 1., 2., 3.],
        [4., 1., 2., 3.],
        [4., 1., 2., 3.],
        [4., 1., 2., 3.],
        [4., 1., 2., 3.],
        [4., 1., 2., 3.],
        [4., 1., 2., 3.],
        [4., 1., 2., 3.],
        [4., 1., 2., 3.],
        [4., 1., 2., 3.],
        [5., 2., 3., 4.]], device='cuda:0')
training_label:  tensor([[1., 0., 0., 0.],
        [2., 1., 0., 0.],
        [3., 1., 2., 0.],
        [4., 1., 2., 3.],
        [4., 1., 2., 3.],
        [4., 1., 2., 3.],
        [4., 1., 2., 3.],
        [4., 1., 2., 3.],
        [4., 1., 2., 3.],
        [4., 1., 2., 3.],
        [4., 1., 2., 3.],
        [4., 1., 2., 3.],
        [4., 1., 2., 3.],
        [4., 1., 2., 3.],
        [4., 1., 2., 3.],
        [5., 1., 3., 4.],
        [5., 1., 3., 4.],
        [5., 2., 3., 4.],
        [5., 1., 4., 4.],
        [5., 1., 3., 4.]], device='cuda:0')
4
training_data:  tensor([[1., 0., 0., 0.],
        [2., 1., 0., 0.],
        [3., 1., 2., 0.],
        [4., 1., 2., 3.],
        [4., 1., 2., 3.],
        [4., 1., 2., 3.],
        [4., 1., 2., 3.],
        [4., 1., 2., 3.],
        [4., 1., 2., 3.],
        [4., 1., 2., 3.],
        [4., 1., 2., 3.],
        [4., 1., 2., 3.],
        [4., 1., 2., 3.],
        [4., 1., 2., 3.],
        [4., 1., 2., 3.],
        [4., 1., 2., 3.],
        [4., 1., 2., 3.],
        [4., 1., 2., 3.],
        [5., 2., 3., 4.],
        [5., 2., 3., 4.]], device='cuda:0')
training_label:  tensor([[1., 0., 0., 0.],
        [2., 1., 0., 0.],
        [3., 1., 2., 0.],
        [3., 1., 2., 0.],
        [4., 1., 2., 3.],
        [4., 1., 2., 3.],
        [4., 1., 2., 3.],
        [4., 1., 3., 3.],
        [4., 1., 2., 3.],
        [4., 1., 2., 3.],
        [4., 1., 2., 3.],
        [4., 1., 2., 3.],
        [4., 1., 2., 3.],
        [4., 1., 2., 3.],
        [4., 1., 2., 3.],
        [5., 2., 3., 4.],
        [5., 2., 3., 4.],
        [5., 2., 3., 4.],
        [5., 2., 3., 4.],
        [6., 3., 3., 5.]], device='cuda:0')
5
training_data:  tensor([[1., 0., 0., 0.],
        [2., 1., 0., 0.],
        [3., 1., 2., 0.],
        [4., 1., 2., 3.],
        [4., 1., 2., 3.],
        [4., 1., 2., 3.],
        [4., 1., 2., 3.],
        [4., 1., 2., 3.],
        [4., 1., 2., 3.],
        [4., 1., 2., 3.],
        [4., 1., 2., 3.],
        [4., 1., 2., 3.],
        [4., 1., 2., 3.],
        [4., 1., 2., 3.],
        [4., 1., 2., 3.],
        [4., 1., 2., 3.],
        [4., 1., 2., 3.],
        [5., 2., 3., 4.],
        [5., 2., 3., 4.],
        [5., 1., 2., 4.]], device='cuda:0')
training_label:  tensor([[1., 0., 0., 0.],
        [2., 1., 0., 0.],
        [3., 1., 2., 0.],
        [4., 1., 2., 3.],
        [4., 1., 2., 3.],
        [4., 1., 2., 3.],
        [4., 1., 2., 3.],
        [4., 1., 2., 3.],
        [4., 1., 2., 3.],
        [4., 1., 2., 3.],
        [4., 1., 2., 3.],
        [4., 1., 2., 3.],
        [4., 1., 2., 3.],
        [4., 1., 2., 3.],
        [5., 1., 3., 4.],
        [5., 1., 2., 4.],
        [5., 2., 4., 4.],
        [5., 2., 4., 4.],
        [5., 1., 4., 4.],
        [5., 1., 3., 4.]], device='cuda:0')
6
training_data:  tensor([[1., 0., 0., 0.],
        [1., 0., 0., 0.],
        [1., 0., 0., 0.],
        [1., 0., 0., 0.],
        [2., 1., 0., 0.],
        [2., 1., 0., 0.],
        [3., 2., 0., 0.],
        [3., 2., 1., 0.],
        [3., 2., 1., 0.],
        [4., 3., 3., 0.],
        [4., 3., 2., 0.],
        [4., 3., 2., 0.],
        [5., 4., 3., 0.],
        [5., 1., 3., 4.],
        [5., 4., 2., 4.],
        [5., 4., 1., 3.],
        [6., 5., 5., 3.],
        [6., 2., 4., 5.],
        [6., 5., 0., 0.],
        [6., 4., 5., 0.]], device='cuda:0')
training_label:  tensor([[1., 0., 0., 0.],
        [2., 1., 0., 0.],
        [3., 1., 2., 0.],
        [4., 1., 2., 3.],
        [4., 1., 2., 3.],
        [4., 1., 2., 3.],
        [4., 1., 2., 3.],
        [4., 1., 2., 3.],
        [4., 1., 2., 3.],
        [4., 1., 2., 3.],
        [4., 1., 2., 3.],
        [4., 1., 2., 3.],
        [4., 1., 2., 3.],
        [4., 1., 2., 3.],
        [4., 1., 2., 3.],
        [4., 1., 2., 3.],
        [4., 1., 2., 3.],
        [4., 1., 2., 3.],
        [5., 2., 3., 4.],
        [5., 1., 3., 4.]], device='cuda:0')
7
training_data:  tensor([[1., 0., 0., 0.],
        [2., 1., 0., 0.],
        [3., 1., 2., 0.],
        [4., 1., 2., 3.],
        [4., 1., 2., 3.],
        [4., 1., 2., 3.],
        [4., 1., 2., 3.],
        [4., 1., 2., 3.],
        [4., 1., 2., 3.],
        [4., 1., 2., 3.],
        [4., 1., 2., 3.],
        [4., 1., 2., 3.],
        [4., 1., 2., 3.],
        [4., 1., 2., 3.],
        [4., 1., 2., 3.],
        [4., 1., 2., 3.],
        [4., 1., 2., 3.],
        [4., 1., 2., 3.],
        [4., 1., 2., 3.],
        [4., 1., 2., 3.]], device='cuda:0')
training_label:  tensor([[1., 0., 0., 0.],
        [2., 1., 0., 0.],
        [3., 1., 2., 0.],
        [4., 1., 2., 3.],
        [4., 1., 2., 3.],
        [4., 1., 2., 3.],
        [4., 1., 2., 3.],
        [4., 1., 2., 3.],
        [4., 1., 2., 3.],
        [4., 1., 2., 3.],
        [4., 1., 2., 3.],
        [4., 1., 2., 3.],
        [4., 1., 2., 3.],
        [4., 1., 2., 3.],
        [5., 2., 3., 4.],
        [5., 1., 3., 4.],
        [5., 1., 2., 4.],
        [5., 3., 4., 4.],
        [5., 2., 3., 4.],
        [5., 1., 2., 4.]], device='cuda:0')
8
training_data:  tensor([[1., 0., 0., 0.],
        [2., 1., 0., 0.],
        [3., 1., 2., 0.],
        [4., 1., 2., 3.],
        [4., 1., 2., 3.],
        [4., 1., 2., 3.],
        [4., 1., 2., 3.],
        [4., 1., 2., 3.],
        [4., 1., 2., 3.],
        [4., 1., 2., 3.],
        [4., 1., 2., 3.],
        [4., 1., 2., 3.],
        [4., 1., 2., 3.],
        [4., 1., 2., 3.],
        [4., 1., 2., 3.],
        [5., 1., 2., 4.],
        [5., 2., 3., 4.],
        [5., 1., 3., 4.],
        [5., 1., 2., 4.],
        [6., 2., 3., 5.]], device='cuda:0')
training_label:  tensor([[1., 0., 0., 0.],
        [2., 1., 0., 0.],
        [3., 1., 2., 0.],
        [4., 1., 2., 3.],
        [4., 1., 2., 3.],
        [4., 1., 2., 3.],
        [4., 1., 2., 3.],
        [4., 1., 2., 3.],
        [4., 1., 2., 3.],
        [4., 1., 2., 3.],
        [4., 1., 2., 3.],
        [4., 1., 2., 3.],
        [4., 1., 2., 3.],
        [4., 1., 2., 3.],
        [4., 1., 2., 3.],
        [4., 1., 2., 3.],
        [4., 1., 2., 3.],
        [4., 1., 2., 3.],
        [4., 1., 2., 3.],
        [4., 1., 2., 3.]], device='cuda:0')
9
training_data:  tensor([[1., 0., 0., 0.],
        [2., 1., 0., 0.],
        [3., 1., 2., 0.],
        [4., 1., 2., 3.],
        [4., 1., 2., 3.],
        [4., 1., 2., 3.],
        [4., 1., 2., 3.],
        [4., 1., 2., 3.],
        [4., 1., 2., 3.],
        [4., 1., 2., 3.],
        [4., 1., 2., 3.],
        [4., 1., 2., 3.],
        [4., 1., 2., 3.],
        [4., 1., 2., 3.],
        [4., 1., 2., 3.],
        [5., 1., 2., 4.],
        [5., 1., 2., 4.],
        [5., 1., 2., 4.],
        [5., 2., 3., 4.],
        [6., 3., 4., 5.]], device='cuda:0')
training_label:  tensor([[1., 0., 0., 0.],
        [2., 1., 0., 0.],
        [2., 1., 0., 0.],
        [2., 1., 0., 0.],
        [3., 2., 0., 0.],
        [3., 1., 2., 0.],
        [3., 1., 2., 0.],
        [3., 2., 2., 0.],
        [4., 3., 2., 0.],
        [4., 3., 0., 0.],
        [4., 3., 0., 0.],
        [4., 1., 2., 3.],
        [5., 4., 2., 0.],
        [5., 4., 4., 4.],
        [5., 3., 4., 2.],
        [5., 4., 2., 3.],
        [5., 4., 0., 0.],
        [5., 4., 2., 0.],
        [6., 5., 2., 0.],
        [6., 5., 0., 0.]], device='cuda:0')
